T_mu,sigma,ω₀,n_B,P,e
"(17, 920.0023714014332)",70.26940872178508,14.196977312756113,0.1740207404364802,2.0322935376294815,158.06720033696556
"(18, 920.0023714014332)",70.01045370930046,14.46499928715201,0.17730604416065443,2.3245141022667393,160.79746698934255
"(19, 920.0023714014332)",69.75399394605422,14.734935100012766,0.18061480693385018,2.6316524102293215,163.53439827912484
"(20, 920.0023714014332)",69.50039549771529,15.006387373966472,0.18394215786679438,2.953618571380855,166.27360286676674
"(21, 920.0023714014332)",69.24992026201642,15.27904129966647,0.1872842381552929,3.290334021469424,169.01160920751082
"(22, 920.0023714014332)",69.00274918994772,15.552647672699495,0.19063799315358684,3.6417303157660097,171.74567546474407
"(23, 920.0023714014332)",68.75900043016004,15.827009491956044,0.19400100810266632,4.007748088466132,174.47363942025552
"(24, 920.0023714014332)",68.51874344871558,16.101971407533632,0.19737137878697086,4.388336156510121,177.1938003742736
"(25, 920.0023714014332)",68.28200998309353,16.377411429180864,0.2007476098999024,4.783450749779725,179.9048264113003
"(26, 920.0023714014332)",68.04880251623871,16.65323442021782,0.20412853529495245,5.193054853325327,182.6056816887321
"(27, 920.0023714014332)",67.8191008120507,16.92936699875386,0.2075132554869257,5.617117649912531,185.29556949529058
"(28, 920.0023714014332)",67.59286693775053,17.20575354686288,0.21090108873403524,6.055614053375823,187.9738877130807
"(29, 920.0023714014332)",67.37004910765654,17.48235309080503,0.21429153279693955,6.508524324887023,190.64019401954536
"(30, 920.0023714014332)",67.15058461177146,17.759136864598904,0.21768423507400386,6.975833765136236,193.29417871965435
"(31, 920.0023714014332)",66.93440203731106,18.036086407744534,0.22107896928397036,7.457532476020852,195.9356435322165
"(32, 920.0023714014332)",66.7214229482662,18.313192078060794,0.22447561723693019,7.953615185595948,198.56448499418025
"(33, 920.0023714014332)",66.51156315321178,18.590451885066432,0.2278741545343759,8.464081130013604,201.18068142270886
"(34, 920.0023714014332)",66.30473366543657,18.867870567913965,0.23127463926690198,8.988933986093011,203.7842825844678
"(35, 920.0023714014332)",66.10084143656499,19.145458858022547,0.23467720297585315,9.528181847990338,206.37540140365
"(36, 920.0023714014332)",65.89978992744987,19.423232878972886,0.23808204329748764,10.081837241335299,208.95420718045202
"(37, 920.0023714014332)",65.70147956562336,19.701213646582048,0.24148941783509315,10.649917168253275,211.52091990838395
"(38, 920.0023714014332)",65.50580812665231,19.979426640625473,0.24489963890933503,11.232443176729385,214.07580537521352
"(39, 920.0023714014332)",65.31267106748118,20.25790142648991,0.24831306892062843,11.82944144822129,216.6191708087244
"(40, 920.0023714014332)",65.1219618300734,20.536671311240546,0.25173011613335533,12.440942896773715,219.15136089907136
"(41, 920.0023714014332)",64.93357213318097,20.815773021472943,0.2551512307270986,13.066983276016682,221.67275405890828
"(42, 920.0023714014332)",64.7473922562221,21.095246396479997,0.2585769010356176,13.707603286808915,224.18375885559297
"(43, 920.0023714014332)",64.56331132306225,21.375134090812168,0.2620076499009395,14.362848682133203,226.6848105520476
"(44, 920.0023714014332)",64.38121759264264,21.655481282289845,0.2654440310943072,15.032770368296788,229.1763677128216
"(45, 920.0023714014332)",64.2009987450786,21.936335386800508,0.2688866258202798,15.717424492491658,231.6589089002956
"(46, 920.0023714014332)",64.02254216966263,22.217745777569736,0.27233603927564376,16.41687251778295,234.1329294338832
"(47, 920.0023714014332)",63.84573526474637,22.499763507185435,0.2757928972421514,17.131181291640303,236.59893818681076
"(48, 920.0023714014332)",63.67046572100676,22.782441038680847,0.2792578427901999,17.860423089968723,239.05745450946378
"(49, 920.0023714014332)",63.496621807083834,23.06583198225458,0.2827315330516795,18.604675649008822,241.50900522849898
"(50, 920.0023714014332)",63.32409264660444,23.349990840662933,0.28621463609906594,19.364022179293155,243.95412176164572
"(51, 920.0023714014332)",63.152768485656786,23.63497276416248,0.2897078279416608,20.138551362322016,246.3933373575643
"(52, 920.0023714014332)",62.98254094870031,23.92083331605807,0.2932117896517175,20.928357330105456,248.82718447233285
"(53, 920.0023714014332)",62.81330328116781,24.207628249760095,0.2967272046317734,21.733539627926586,251.25619229262324
"(54, 920.0023714014332)",62.64495057750222,24.495413298007005,0.30025475603082724,22.554203160983093,253.68088441193674
"(55, 920.0023714014332)",62.477379993506474,24.784243974784033,0.30379512431671274,23.390458125629618,256.10177666593927
"(56, 920.0023714014332)",62.31049094243838,25.074175390212243,0.30734898500671076,24.242419926107832,258.51937512788953
"(57, 920.0023714014332)",62.144185274413886,25.365262078519656,0.31091700655908333,25.110209077753247,260.93417426563843
"(58, 920.0023714014332)",61.978367439063135,25.657557839034073,0.3144998484239837,25.993951097662748,263.34665525779354
"(59, 920.0023714014332)",61.81294463156302,25.95111558999385,0.31809815925152674,26.893776383881157,265.7572844659541
"(60, 920.0023714014332)",61.64782692234344,26.245987234868576,0.32171257525321456,27.809820084156215,268.1665120584632
"(61, 920.0023714014332)",61.48292737100766,26.542223540738185,0.3253437187111438,28.742221955245594,270.57477077956753
"(62, 920.0023714014332)",61.31816212501681,26.839874028259107,0.3289921966292653,29.691126213842324,272.98247485764836
"(63, 920.0023714014332)",61.153450503850166,27.138986872653142,0.33265859951974325,30.65668137999437,275.39001904524906
"(64, 920.0023714014332)",60.9887150693939,27.439608815123048,0.33634350031711585,31.63904011400011,277.79777778320516
"(65, 920.0023714014332)",60.82388168340212,27.741785084093426,0.3400474534129144,32.63835904759285,280.2061044813068
"(66, 920.0023714014332)",60.65887955261647,28.045559325649545,0.34377099380299614,33.65479861024729,282.61533090753653
"(67, 920.0023714014332)",60.49364126272249,28.35097354256751,0.3475146363402103,34.688522851328585,285.02576667837155
"(68, 920.0023714014332)",60.32810280155575,28.658068041325546,0.3512788750848768,35.739699258821304,287.4376988424932
"(69, 920.0023714014332)",60.16220357253501,28.966881386526897,0.3550641827461295,36.80849857523497,289.851391550916
"(70, 920.0023714014332)",59.99588639897174,29.27745036218195,0.35887101020732,37.89509461133288,292.26708580662944
"(71, 920.0023714014332)",59.82909751997728,29.589809939317348,0.36269978612898707,38.9996640581757,294.68499928728505
"(72, 920.0023714014332)",59.66178657856145,29.903993249449538,0.36655091662370565,40.12238629802956,297.1053262351486
"(73, 920.0023714014332)",59.493906602564394,30.220031563452846,0.3704247849970632,41.263443214581926,299.5282374085823
"(74, 920.0023714014332)",59.32541397895531,30.537954275415878,0.37432175154977165,42.42301900289977,301.9538800900282
"(75, 920.0023714014332)",59.1562684219744,30.857788891124066,0.3782421534365,43.60129997951827,304.3823781460464
"(76, 920.0023714014332)",58.986432935636955,31.179561020799042,0.3821863045768669,44.798474393045225,306.81383213482275
"(77, 920.0023714014332)",58.81587377094508,31.50329437582525,0.38615449561532156,46.01473223561962,309.24831945780056
"(78, 920.0023714014332)",58.644560378243,31.82901076916176,0.39014699392619767,47.25026505553372,311.68589455170866
"(79, 920.0023714014332)",58.47246535501825,32.156730119217286,0.39416404366119745,48.50526577135217,314.1265891181275
"(80, 920.0023714014332)",58.29956438948136,32.48647045696223,0.39820586583658496,49.77992848779518,316.5704123878239
"(81, 920.0023714014332)",58.12583620018447,32.81824793609996,0.4022726584578434,51.074448313675184,319.0173514174995
"(82, 920.0023714014332)",57.951262471938584,33.15207684612879,0.4063645966798012,52.389021182159304,321.46737141684474
"(83, 920.0023714014332)",57.7758277882591,33.48796962815265,0.410481833000418,53.72384367360373,323.9204161039879
"(84, 920.0023714014332)",57.599519560546135,33.8259368933164,0.4146244974867692,55.079112841212236,326.376408087743
"(85, 920.0023714014332)",57.42232795420812,34.165987443750495,0.4187926980317671,56.45502603985419,328.8352492749758
"(86, 920.0023714014332)",57.24424581187957,34.50812829594363,0.42298652064066433,57.85178075802412,331.29682130222824
"(87, 920.0023714014332)",57.065268573948316,34.85236470643655,0.42720602974598254,59.269574453600114,333.760985989695
"(88, 920.0023714014332)",56.88539419651279,35.19870019978179,0.43145126855024707,60.70860439324756,336.22758581713634
"(89, 920.0023714014332)",56.70462306697473,35.547136598676126,0.43572225939532866,62.16906749590274,338.69644442019
"(90, 920.0023714014332)",56.5229579173828,35.89767405621922,0.4400190041578606,63.65116018054944,341.16736710637934
"(91, 920.0023714014332)",56.340403735720336,36.25031109021662,0.44434148466970935,65.1550782184725,343.64014138969367
"(92, 920.0023714014332)",56.15696767527124,36.605044619473965,0.4486896631628557,66.68101659025378,346.11453754288374
"(93, 920.0023714014332)",55.972658962234185,36.961870002012944,0.4530634827378272,68.22916934771425,348.5903091664791
"(94, 920.0023714014332)",55.78748880174969,37.32078107514075,0.45746286785485535,69.79972948103394,351.0671937735334
"(95, 920.0023714014332)",55.60147028250883,37.68177019730074,0.4618877248468708,71.39288879125692,353.5449133890769
"(96, 920.0023714014332)",55.41461828010803,38.04482829163434,0.466337942453445,73.00883776839413,356.0231751632403
"(97, 920.0023714014332)",55.226949359323676,38.40994489117155,0.4708133923747494,74.64776547533971,358.50167199698313
"(98, 920.0023714014332)",55.03848167540998,38.77710818553365,0.4753139298439892,76.30985943777357,360.9800831788309
"(99, 920.0023714014332)",54.849234875268955,39.146305069227886,0.4798393942193932,77.99530554026421,363.45807503340467
"(100, 920.0023714014332)",54.65922999661544,39.51752119094707,0.48438960958851135,79.70428792874225,365.9353015749026
"(101, 920.0023714014332)",54.46848936879899,39.89074100457056,0.48896438539335657,81.43698891951693,368.41140517321537
"(102, 920.0023714014332)",54.277036511998595,40.26594782095621,0.49356351706524915,83.19358891500272,370.8860172222582
"(103, 920.0023714014332)",54.08489603706988,40.64312386088511,0.49818678667379757,84.97426632629548,373.3587588144582
"(104, 920.0023714014332)",53.892093545547354,41.02225030887486,0.5028339635865177,86.77919750275241,375.82924141802573
"(105, 920.0023714014332)",53.698655530088764,41.40330736775774,0.5075048051378211,88.60855666869786,378.2970675557199
"(106, 920.0023714014332)",53.50460927556453,41.786274313884945,0.5121990573057016,90.46251586736231,380.7618314834617
"(107, 920.0023714014332)",53.30998276096443,42.17112955282758,0.5169164553944816,92.34124491216092,383.2231198671853
"(108, 920.0023714014332)",53.114804562317936,42.557850675426735,0.5216567247218593,94.24491134541539,385.6805124561998
"(109, 920.0023714014332)",52.919103756801505,42.946414514052734,0.5264195813085061,96.1736804045679,388.13358275140723
"(110, 920.0023714014332)",52.722909828206916,43.33679719892654,0.5312047325684357,98.1277149959626,390.5818986666623
"(111, 920.0023714014332)",52.52625257392263,43.728974214363916,0.5360118779984188,100.10717567624766,393.02502318163323
"(112, 920.0023714014332)",52.32916201359822,44.12292045478899,0.540840709864576,102.11222064142152,395.4625149844229
"(113, 920.0023714014332)",52.131668299624025,44.518610280379455,0.5456909138844511,104.14300572354932,397.89392910236097
"(114, 920.0023714014332)",51.93380162955789,44.916017572201646,0.5505621699028451,106.19968439515613,400.3188175193801
"(115, 920.0023714014332)",51.7355921606323,45.315115786691514,0.5554541525596047,108.2824077813022,402.73672977830756
"(116, 920.0023714014332)",51.53706992643405,45.71587800935399,0.5603665319478581,110.39132467930192,405.14721356672453
"(117, 920.0023714014332)",51.33826475586582,46.11827700754479,0.5652989742609918,112.5265815860815,407.54981528482875
"(118, 920.0023714014332)",51.13920619446015,46.5222852822143,0.57025114242691,114.68832273313114,409.94408059400246
"(119, 920.0023714014332)",50.93992342813174,46.92787511848904,0.5752226967280234,116.87669012898918,412.3295549447198
"(120, 920.0023714014332)",50.74044520940154,47.335018634986724,0.5802132954057538,119.09182360922524,414.70578408270853
"(17, 920.0213291185248)",70.26237035974682,14.20365827633671,0.17410263295511266,2.0355933499390524,158.14254242445836
"(18, 920.0213291185248)",70.00381812731662,14.471390467812492,0.1773843846387922,2.327876162749152,160.86954115750407
"(19, 920.0213291185248)",69.74772234431916,14.741064474402876,0.18068993829782198,2.6350771668680055,163.60352002423838
"(20, 920.0213291185248)",69.49445373558898,15.01227956281206,0.18401438190738548,2.957106379430147,166.34004983992648
"(21, 920.0213291185248)",69.2442782712077,15.284717989372734,0.1873538206955866,3.2938851626869528,169.0756259691004
"(22, 920.0213291185248)",68.99738044396204,15.558127996933715,0.19070516872625332,3.645345013697273,171.80747778760283
"(23, 920.0213291185248)",68.7538814752912,15.832310369209363,0.19406598408764383,4.0114265206309945,174.53341809637757
"(24, 920.0213291185248)",68.51385349519892,16.10710783554087,0.19743433902036,4.3920784640978265,177.25172453505118
"(25, 920.0213291185248)",68.27733055171471,16.382396739515787,0.200808717794679,4.787257045436651,179.96104639861068
"(26, 920.0213291185248)",68.04431713435469,16.65808049736855,0.20418793652631384,5.196925227429083,182.66033152547917
"(27, 920.0213291185248)",67.81479475266306,16.934084468220387,0.2075710802979037,5.621052175637852,185.34876900660754
"(28, 920.0213291185248)",67.5887269958373,17.210351936445488,0.21095745391250603,6.059612790849664,188.02574434519408
"(29, 920.0213291185248)",67.36606340825604,17.486840969023827,0.21434654337231918,6.512587324596442,190.69080440076615
"(30, 920.0213291185248)",67.14674244524437,17.763521959546388,0.21773798577408723,6.979961070790011,193.34363000067617
"(31, 920.0213291185248)",66.9306937176013,18.040375709363644,0.22113154578862185,7.461724126956077,195.98401453952573
"(32, 920.0213291185248)",66.7178396907883,18.31739192628638,0.22452709725847486,7.957871218826287,198.61184722404005
"(33, 920.0213291185248)",66.50809696935791,18.594568045984126,0.22792460875113285,8.46840158202843,201.22709990000857
"(34, 920.0213291185248)",66.30137727131809,18.871908299666412,0.23132413213103417,8.993318894422833,203.82981660596047
"(35, 920.0213291185248)",66.09758817377464,19.149422968039854,0.23472579341487296,9.532631252604396,206.4201051833473
"(36, 920.0213291185248)",65.89663369421629,19.427127773716954,0.23812978532400067,10.086351185906134,208.99813041058994
"(37, 920.0213291185248)",65.69841475676144,19.70504337493875,0.24153636107868745,10.65449570129267,211.5641082487733
"(38, 920.0213291185248)",65.50282958112554,19.983194931806395,0.24494582908115986,11.237086352635716,214.118300880652
"(39, 920.0213291185248)",65.30977402247397,20.261611723230963,0.2483585482203333,11.834149328229916,216.66101230338833
"(40, 920.0213291185248)",65.11914188071043,20.540326798923843,0.2517749236060486,12.445715549827574,219.1925843049243
"(41, 920.0213291185248)",64.93082519708952,20.819376653745078,0.25519540257737866,13.071820779569475,221.71339268460747
"(42, 920.0213291185248)",64.74471454230694,21.098800917824423,0.25862047090423246,13.712505727542034,224.2238436510287
"(43, 920.0213291185248)",64.56069930392857,21.3786420564794,0.2620506491091118,14.367816156623384,226.72437033311382
"(44, 920.0213291185248)",64.37866798021005,21.65894507592125,0.26548648885973025,15.037802983596002,229.21542936014345
"(45, 920.0213291185248)",64.19850846892538,21.939757236066008,0.2689285694488181,15.722522366654383,231.69749753559077
"(46, 920.0213291185248)",64.02010835780013,22.22112776804591,0.27237749433145203,16.422035780318843,234.17106857647713
"(47, 920.0213291185248)",63.84335522650535,22.50310759470421,0.2758338876990183,17.136410083907904,236.6366498928728
"(48, 920.0213291185248)",63.668136931755676,22.785749060344415,0.27929839116656113,17.865717565504642,239.09475949622058
"(49, 920.0213291185248)",63.4943418945555,23.06910566627991,0.28277166053131325,18.61003597378999,241.54592298528112
"(50, 920.0213291185248)",63.32185937867518,23.35323181517696,0.28625436263889925,19.36944853195666,243.99067064905964
"(51, 920.0213291185248)",63.150579759334676,23.638182565112324,0.28974717236869085,20.14404393430708,246.42953469667015
"(52, 920.0213291185248)",62.980394780242754,23.924013394302854,0.2932507697499877,20.933916325751383,248.86304662466281
"(53, 920.0213291185248)",62.81119779717092,24.210779977459207,0.29676583722061534,21.739165264519798,251.29173473216252
"(54, 920.0213291185248)",62.642884006829796,24.49853797438854,0.30029305703572196,22.559895668755264,253.71612179031465
"(55, 920.0213291185248)",62.475350660008424,24.78734283135447,0.3038331088329231,23.396217747701577,256.1367228709777
"(56, 920.0213291185248)",62.308497258320244,25.077249595478797,0.30738666735732395,24.24824691840218,258.55404333699687
"(57, 920.0213291185248)",62.14222573423084,25.368312742268706,0.3109544003474046,25.116103708854595,260.96857699401846
"(58, 920.0213291185248)",61.97644061423491,25.660586016227768,0.31453696658130603,25.99991364865326,263.38080440238895
"(59, 920.0213291185248)",61.81104916537123,25.954122284317695,0.31813501408062034,26.89980714813574,265.7911913454572
"(60, 920.0213291185248)",61.64596152536829,26.248973401963667,0.32174917846793494,27.815919367098502,268.2001874497644
"(61, 920.0213291185248)",61.48109081692863,26.54519009116611,0.3253800814727831,28.748390074102556,270.6082249511812
"(62, 920.0213291185248)",61.316353246777375,26.84282183020771,0.32902832957971484,29.69736349733261,273.01571760024467
"(63, 920.0213291185248)",61.15166819012276,27.14191675442432,0.3326945128119871,30.662988168030147,275.4230596996943
"(64, 920.0213291185248)",60.98695826132269,27.442521567419753,0.3363792036432686,31.645416757350578,277.83062526636036
"(65, 920.0213291185248)",60.8221493716094,27.74468146211978,0.34008295602995914,32.64480590753721,280.23876730970267
"(66, 920.0213291185248)",60.65717077442226,28.04844005105453,0.3438063045566123,33.66131605819839,282.64781721930444
"(67, 920.0213291185248)",60.49195509958489,28.353839305233667,0.34754976368669255,34.69511126845747,285.05808425340257
"(68, 920.0213291185248)",60.32643837669467,28.66091950102517,0.35131382711144726,35.74635903566112,287.4698551211282
"(69, 920.0213291185248)",60.16056004871669,28.969719174461662,0.35509896718979933,36.81523011127797,289.88339365129667
"(70, 920.0213291185248)",59.99426297647033,29.280275082400404,0.3589056344722682,37.901898314616446,292.29894054068717
"(71, 920.0213291185248)",59.827493434656134,29.592622170042844,0.3627342573028387,39.0065403448574,294.7167131757213
"(72, 920.0213291185248)",59.66020110009794,29.906793544308687,0.3665852414925909,40.129335591967426,297.13690552128145
"(73, 920.0213291185248)",59.492339032790504,30.22282045262151,0.37045897005966066,41.27046594689599,299.55968807127283
"(74, 920.0213291185248)",59.32386365029879,30.540732266692217,0.3743558030304627,42.43011561153686,301.98520785578205
"(75, 920.0213291185248)",59.15473469601717,30.8605564709221,0.37827607729754736,43.60847090881476,304.4135885002166
"(76, 920.0213291185248)",58.98491520174097,31.18231865508975,0.38222010652995486,44.80572009328812,306.8449303322251
"(77, 920.0213291185248)",58.814371444981845,31.506042511008722,0.38618818113223946,46.02205316260145,309.2793105325471
"(78, 920.0213291185248)",58.64307290139376,31.831749832888214,0.3901805682489049,47.2576616701154,311.71678332646337
"(79, 920.0213291185248)",58.47099219264061,32.159460521160376,0.3941975118113103,48.51273853901926,314.15738021283784
"(80, 920.0213291185248)",58.29810503004673,32.48919258954416,0.39823923262424865,49.7874778782227,316.60111022787993
"(81, 920.0213291185248)",58.124390154273165,32.82096217517523,0.402305928490133,51.082074800289625,319.04796024146475
"(82, 920.0213291185248)",57.949829271289175,33.154783551630466,0.40639777436862556,52.39672524170566,321.4978952837276
"(83, 920.0213291185248)",57.77440698487437,33.49066914469977,0.41051492256997807,53.73162578571667,323.9508589001029
"(84, 920.0213291185248)",57.59811072584008,33.828629550792094,0.4146575029806377,55.08697348798888,326.4067735332261
"(85, 920.0213291185248)",57.42093067819724,34.168673557849566,0.4188256233196039,56.462965705438044,328.86554092995857
"(86, 920.0213291185248)",57.24285970241876,34.51080816869015,0.423019369424553,57.859799928185055,331.32704257267244
"(87, 920.0213291185248)",57.0638932559987,34.855038626678784,0.4272388055665082,59.2776736153301,333.79114013297976
"(88, 920.0213291185248)",56.884029311449424,35.201368443660876,0.43148397479223566,60.716784034352685,336.257675947344
"(89, 920.0213291185248)",56.70326827192017,35.549799430076305,0.43575489929336453,62.17732810461569,338.7264735131745
"(90, 920.0213291185248)",56.521612884575454,35.9003317271956,0.44005158080153384,63.65950224513357,341.19733800460153
"(91, 920.0213291185248)",56.339068151908506,36.252963841405574,0.4443740010086404,65.16350222684908,343.67005680683695
"(92, 920.0213291185248)",56.15564124112912,36.60769268048845,0.4487221220115461,66.6895230296228,346.1444000683247
"(93, 920.0213291185248)",55.9713413918071,36.96451359181996,0.45309588678027984,68.23775870419823,348.62012126953147
"(94, 920.0213291185248)",55.786179821920975,37.323420402423906,0.4574952196490394,69.8084022393209,351.09695780755976
"(95, 920.0213291185248)",55.60016963247997,37.68440546081495,0.4619200268290372,71.40164543425847,353.57463159545705
"(96, 920.0213291185248)",55.41332571090637,38.047459680542744,0.46637019694228055,73.01767877691105,356.05284967519407
"(97, 920.0213291185248)",55.22566463332495,38.41257258537396,0.4708456015753885,74.65669132774288,358.5313048432575
"(98, 920.0213291185248)",55.03720456587372,38.779732355986205,0.47534609585194254,76.31887060968205,361.0096762873238
"(99, 920.0213291185248)",54.84796516590191,39.1489258782475,0.47987151902427905,78.0044025042554,363.4876302345873
"(100, 920.0213291185248)",54.65796748113434,39.520138792514906,0.48442169507776495,79.71347115405561,365.96482060523846
"(101, 920.0213291185248)",54.46723385051628,39.893355544622715,0.4889964333558034,81.44625887178103,368.44088967844334
"(102, 920.0213291185248)",54.27578780342334,40.268559437666234,0.4935955291945635,83.20294605596344,370.91546876058055
"(103, 920.0213291185248)",54.08365395951599,40.645732684942,0.4982187645719138,84.98371111356957,373.3881788596719
"(104, 920.0213291185248)",53.89085792875439,41.02485646375427,0.502865908766946,86.78873038958184,375.8586313625787
"(105, 920.0213291185248)",53.69742621186223,41.40591096998315,0.5075367190288621,88.61817810372365,378.32642871366534
"(106, 920.0213291185248)",53.50338610141676,41.788875473288044,0.5122309412536263,90.47222629440796,380.7911650933864
"(107, 920.0213291185248)",53.30876558377158,42.17372837280042,0.5169483106666276,92.35104477003341,383.2524270950534
"(108, 920.0213291185248)",53.113593241990124,42.5604472531672,0.5216885525096375,94.25480106771299,385.7097943981231
"(109, 920.0213291185248)",52.917898159960004,42.94900894080638,0.5264513827303663,96.18366041950307,388.16284043637376
"(110, 920.0213291185248)",52.72170982786938,43.3393895602242,0.5312365086727814,98.13778572620171,390.6111330592153
"(111, 920.0213291185248)",52.52505804920131,43.731564590252816,0.5360436297664352,100.11733753875913,393.05423518447503
"(112, 920.0213291185248)",52.327972849409846,44.12550892005801,0.5408724382129965,102.12247404733958,395.49170544095864
"(113, 920.0213291185248)",52.13048438640241,44.521196904782784,0.5457226196682937,104.15335107804776,397.92309879921896
"(114, 920.0213291185248)",51.93262286298183,44.9186024206748,0.5505938539180617,106.21012209734327,400.3479671888427
"(115, 920.0213291185248)",51.73441844136025,45.31769891956369,0.5554858155456874,108.29293822411297,402.76586010071804
"(116, 920.0213291185248)",51.53590115984724,45.71845948255596,0.5603981745903832,110.40194824941773,405.1763251728217
"(117, 920.0213291185248)",51.33710085182036,46.120856872812006,0.565330597194112,112.53729866385666,407.57890875803963
"(118, 920.0213291185248)",51.138047067051005,46.52486358728403,0.5702827462357635,114.69913369252784,409.9731564726616
"(119, 920.0213291185248)",50.93876899546078,46.93045190729429,0.575254281951127,116.88759533753104,412.3586137242674
"(120, 920.0213291185248)",50.739295393356414,47.337593947844965,0.5802448625373041,119.10282342795279,414.7348262178135
"(17, 920.0591726395937)",70.24834350027952,14.216980105228556,0.17426592648419828,2.0421850971546003,158.2927790431691
"(18, 920.0591726395937)",69.9905918842016,14.484136136305718,0.17754061582939662,2.334591969254121,161.01328014066448
"(19, 920.0591726395937)",69.73521989197329,14.753289396427933,0.18083978639123788,2.641917946288891,163.7413863011543
"(20, 920.0591726395937)",69.48260741652552,15.024032546029966,0.18415844516795546,2.9640728579625994,166.47259383786047
"(21, 920.0591726395937)",69.23302845557069,15.29604205492403,0.1874926264588535,3.300977917799231,169.20333285795792
"(22, 920.0591726395937)",68.9866744934511,15.569061124913185,0.1908391825366826,3.6525645048912834,171.93077588702533
"(23, 920.0591726395937)",68.74367282451178,15.842886160138397,0.19419561780668357,4.018773113990058,174.652686335462
"(24, 920.0591726395937)",68.50410084882958,16.1173560887489,0.19755995791599174,4.3995524518621325,177.36729897503818
"(25, 920.0591726395937)",68.26799718925083,16.392343954235034,0.20093064668366692,4.794858661720522,180.07322588399262
"(26, 920.0591726395937)",68.03537031100078,16.66775030467171,0.20430646506867212,5.20465466088137,182.76938255512115
"(27, 920.0591726395937)",67.80620518459608,16.943498002241373,0.20768646754720016,5.628909579697228,185.45492992021957
"(28, 920.0591726395937)",67.58046841829425,17.219528153157462,0.21106993222330742,6.0675982921485225,188.1292289183228
"(29, 920.0591726395937)",67.35811219617436,17.495796919964874,0.21445632175540247,6.520701029870368,190.79180493173573
"(30, 920.0591726395937)",67.13907728719028,17.772273027144077,0.2178452527809583,6.988203072652416,193.44231996445922
"(31, 920.0591726395937)",66.92329533517352,18.048935809492583,0.22123647199437826,7.470094508771454,196.08055087207887
"(32, 920.0591726395937)",66.71069059662172,18.325773682997013,0.22462983740356443,7.966370058889012,198.70637229280095
"(33, 920.0591726395937)",66.50118125806917,18.602782942488957,0.2280253035920762,8.47702895717855,201.31974320663926
"(34, 920.0591726395937)",66.29468043840673,18.879966809159225,0.2314229100439564,9.002074883225307,203.92069626166432
"(35, 920.0591726395937)",66.09109695851134,19.15733466722468,0.23482277178709351,9.541515938190496,206.50932918917889
"(36, 920.0591726395937)",65.89033594288694,19.434901441639415,0.2382250717654734,10.095364658509485,209.0857977720398
"(37, 920.0591726395937)",65.69229930349852,19.71268707913539,0.2416300544779707,10.663638060569216,211.65030994729247
"(38, 920.0591726395937)",65.49688614373244,19.990716103622816,0.24503802052864956,11.24635770976211,214.203120723071
"(39, 920.0591726395937)",65.30399311118639,20.269017223795547,0.24844932181693513,11.843549807830886,216.74452766592663
"(40, 920.0591726395937)",65.11351471814244,20.54762297704135,0.2518643571728157,12.455245291743038,219.27486678608088
"(41, 920.0591726395937)",64.92534364779249,20.826569396835147,0.2552835682798898,13.081479940456578,221.79450867962206
"(42, 920.0591726395937)",64.7393710507105,21.105895696798875,0.2587074358026904,13.72229448235145,224.30385485798269
"(43, 920.0591726395937)",64.55548683949677,21.38564396539048,0.2621364756443189,14.377734699908176,226.8033342000629
"(44, 920.0591726395937)",64.37357998891805,21.665858867034085,0.2655712352830165,15.047851530714365,229.2933994806527
"(45, 920.0591726395937)",64.1935388302146,21.946587350956914,0.2690122902032011,15.732701154814116,231.7745239994254
"(46, 920.0591726395937)",64.01525134633236,22.227878365218253,0.27246024039016853,16.432345069494495,234.24719828106876
"(47, 920.0591726395937)",63.83860547808934,22.509782574177407,0.2759157068669048,17.146850157636763,236.71192682059632
"(48, 920.0591726395937)",63.663489412935036,22.792352085579076,0.27937932834883716,17.87628873155239,239.16922496168414
"(49, 920.0591726395937)",63.48979187544622,23.07564018375061,0.2828517579734372,18.62073856468977,241.61961585600548
"(50, 920.0591726395937)",63.31740240857135,23.359701071920078,0.2863336601417166,19.380282905428484,244.0636275434259
"(51, 920.0591726395937)",63.14621164484708,23.644589624442112,0.28982570748106273,20.15501047357148,246.50179016114
"(52, 920.0591726395937)",62.97611156559901,23.930361149950638,0.2933285779420881,20.945015439719942,248.93463329322623
"(53, 920.0591726395937)",62.8069957464696,24.21707116629464,0.296842952039865,21.75039738789767,251.36268346979512
"(54, 920.0591726395937)",62.63875958799182,24.504775187903956,0.30036951024757724,22.571261262029388,253.78646182251654
"(55, 920.0591726395937)",62.47130053024772,24.793528526046234,0.3039089305481144,23.407717297051175,256.20648190083074
"(56, 920.0591726395937)",62.30451825097149,25.083386102244468,0.3074618861470369,24.25988093550886,258.6232476511429
"(57, 920.0591726395937)",62.13831484676168,25.374402274941772,0.31102904334790554,25.1278727306443,261.037251558914
"(58, 920.0591726395937)",61.97259499733449,25.66663067933328,0.31461105958900504,26.01181823695568,263.4489729517702
"(59, 920.0591726395937)",61.80726611299136,25.96012408013778,0.31820858163866744,26.911847889281407,265.8588764600096
"(60, 920.0591726395937)",61.64223846561192,26.25493423698809,0.3218222439453053,27.828096871449997,268.2674106298851
"(61, 920.0591726395937)",61.47742530370941,26.551111781987107,0.32545266713652,28.76070497552636,270.6750066834493
"(62, 920.0591726395937)",61.3127429521578,26.848706108923032,0.3291004566611663,29.709816452633227,273.0820774183519
"(63, 920.0591726395937)",61.148110897281434,27.147765273589105,0.33276620156749376,30.675579856319715,275.48901624028883
"(64, 920.0591726395937)",60.983451858068634,27.44833590460228,0.33645047341001966,31.65814787938628,277.89619632043605
"(65, 920.0591726395937)",60.81869184439365,27.750463124093827,0.3401538252773704,32.6576771850256,280.3039698698647
"(66, 920.0591726395937)",60.65376020284976,28.054190477667113,0.3438767909337393,33.67432823305982,282.71266752339494
"(67, 920.0591726395937)",60.48858965124702,28.359559872973385,0.34761988406597144,34.708265102068225,285.1225978247409
"(68, 920.0591726395937)",60.32311630246519,28.666611526328133,0.3513835976292121,35.75965530806438,287.5340468057924
"(69, 920.0591726395937)",60.15727967835431,28.975383916765978,0.3551684032837272,36.828669620381476,289.94727765257016
"(70, 920.0591726395937)",59.991022714523396,29.285913746988644,0.358974750916219,37.91548187536423,292.36253045111647
"(71, 920.0591726395937)",59.82429175665441,29.59823591068087,0.3628030682392042,39.02026878839372,294.78002200687456
"(72, 920.0591726395937)",59.657036549016915,29.912383465693797,0.3666537604622967,40.143209764779456,297.19994573135705
"(73, 920.0591726395937)",59.48921021572969,30.22838761267405,0.3705272100302633,41.284486709956255,299.6224715909448
"(74, 920.0591726395937)",59.32076923539728,30.546277678683236,0.3744237764222229,42.44428383943428,302.0477461121884
"(75, 920.0591726395937)",59.151673409549346,30.866081105469796,0.37834379600790785,43.62278748887409,304.4758924394849
"(76, 920.0591726395937)",58.981885825408064,31.187823442020623,0.38228758195634527,44.82018592469816,306.9070104404477
"(77, 920.0591726395937)",58.81137281335968,31.511528341106022,0.3862554241935208,46.036669155528195,309.34117685551786
"(78, 920.0591726395937)",58.64010389954116,31.83721755952895,0.3902475894054212,47.27242874482932,311.7784454881184
"(79, 920.0591726395937)",58.468051753847035,32.16491096185392,0.39426432108375514,48.52765762501232,314.2188474326186
"(80, 920.0591726395937)",58.29519213371015,32.49462652737948,0.3983058396114095,49.80254991333466,316.6623913370575
"(81, 920.0591726395937)",58.121503823895736,32.8263803601855,0.4023723423856076,51.09730072983892,319.1090636985185
"(82, 920.0591726395937)",57.94696857258604,33.160186702078974,0.40646400397659216,52.41210601762208,321.5588291888579
"(83, 920.0591726395937)",57.77157102398056,33.49605794829707,0.41058097632011364,53.747162365689235,324.0116310089511
"(84, 920.0591726395937)",57.59529864761826,33.83400466584447,0.41472338894218846,55.10266683461698,326.46739126982135
"(85, 920.0591726395937)",57.41814166462532,34.17403561435082,0.4188913492147752,56.47881678538668,328.9260113990425
"(86, 920.0591726395937)",57.240092971061195,34.51615776935661,0.42308494264119656,57.87580971136388,331.3873725713654
"(87, 920.0591726395937)",57.06114805854955,34.860376347934825,0.4273042331702,59.29384307407398,333.85133616189626
"(88, 920.0591726395937)",56.88130493235145,35.20669483657401,0.43154926353773176,60.73311414261987,336.3177442211316
"(89, 920.0591726395937)",56.700564027032875,35.555115021256356,0.43582005563563553,62.19381983719891,338.7864199706657
"(90, 920.0591726395937)",56.51892811991999,35.90563701964591,0.4401166109061878,63.67615657688698,341.2571683184022
"(91, 920.0591726395937)",56.33640224245192,36.258259315345086,0.44443891076200637,65.18032013192332,343.72977639261046
"(92, 920.0591726395937)",56.15299358962802,36.612978794136275,0.44878691703028617,66.70650548073554,346.2040140936235
"(93, 920.0591726395937)",55.96871142769607,36.969790782150206,0.4531605724206486,68.25490667189946,348.6796346623272
"(94, 920.0591726395937)",55.78356700024527,37.32868908589273,0.4575598010157775,69.82571669129639,351.15637526441697
"(95, 920.0591726395937)",55.597573432867655,37.68966603406129,0.4619845087839824,71.41912733463543,353.63395758946456
"(96, 920.0591726395937)",55.410745636579364,38.05271252106539,0.46643458411266375,73.03532908560227,356.1120884635881
"(97, 920.0591726395937)",55.22310021014889,38.41781805218529,0.4709098983618348,74.67451099979134,358.5904604747936
"(98, 920.0591726395937)",55.03465534144,38.78497079024584,0.47541030643624715,76.33686059464955,361.06875260941973
"(99, 920.0591726395937)",54.84543070863301,39.15415760388129,0.47993564737699057,78.02256374561445,363.54663090030726
"(100, 920.0591726395937)",54.65544737943285,39.525364116809605,0.4844857449654812,79.73180458861316,366.02374908000473
"(101, 920.0591726395937)",54.464727711935645,39.89857475880798,0.4890604083482958,81.46476542912572,368.49974924658915
"(102, 920.0591726395937)",54.27329525386108,40.27377281748299,0.4936594326717549,83.22162665793589,370.97426253177014
"(103, 920.0591726395937)",54.08117464244027,40.6509404911936,0.49828259973062233,85.00256667375395,373.4469097751083
"(104, 920.0591726395937)",53.88839150445221,41.03005894284511,0.5029296786274985,86.80776181283,375.91730220108303
"(105, 920.0591726395937)",53.6949723567053,41.41110835444781,0.5076004264415703,88.6373862856977,378.38504209763846
"(106, 920.0591726395937)",53.500944507160455,41.79406798230346,0.5122945889050724,90.49161212114855,380.8497234945932
"(107, 920.0591726395937)",53.306335956866626,42.1789162126909,0.5170119010858496,92.37060911755893,383.3109328403113
"(108, 920.0591726395937)",53.11117530292095,42.56563061789611,0.5217520880741602,94.27454480164344,385.76824967484885
"(109, 920.0591726395937)",52.91549164260051,42.95418801245869,0.5265148656721129,96.20358439470273,388.22124729802835
"(110, 920.0591726395937)",52.71931447885796,43.34456450947922,0.5312999410838679,98.15789078645948,390.66949343062885
"(111, 920.0591726395937)",52.52267362734256,43.736735576843515,0.536107013604805,100.13762451648616,393.11255086703414
"(112, 920.0591726395937)",52.3255991250825,44.13067609322703,0.5409357753080014,102.14294376329647,395.54997811774047
"(113, 920.0591726395937)",52.128121140998516,44.52636040372254,0.5457859117260995,104.17400434109713,397.98133003996423
"(114, 920.0591726395937)",51.93026988835936,44.92376237496078,0.5506571025269511,106.23095970422648,400.4061584548361
"(115, 920.0591726395937)",51.732075539311,45.32285544957959,0.5555490221812736,108.31396095925467,402.8240127495832
"(116, 920.0591726395937)",51.533568141588425,45.723612699906525,0.560461340620671,110.42315688475459,405.23444046317746
"(117, 920.0591726395937)",51.3347775374998,46.12600688072859,0.5653937238844732,112.55869395868731,407.63698785407996
"(118, 920.0591726395937)",51.13573328527085,46.530010481020064,0.5703458347537741,114.72071639339418,410.0312004486016
"(119, 920.0591726395937)",50.936464582820484,46.93559577451041,0.5753173333712949,116.90936617811013,412.4166235687008
"(120, 920.0591726395937)",50.73700019400914,47.34273486898613,0.5803078778456903,119.12478312898999,414.7928028379542
"(17, 920.115758411202)",70.2274270235638,14.236863174663519,0.1745096450158958,2.052052967091896,158.5170214067787
"(18, 920.115758411202)",69.97086411531994,14.50316338339453,0.177773844040861,2.344644842822331,161.22787049250923
"(19, 920.115758411202)",69.7165674959637,14.771542615172105,0.18106352687988114,2.652157237212975,163.94724711847593
"(20, 920.115758411202)",69.46493044341997,15.041583879182006,0.18437358223012615,2.974499694079866,166.6705387505828
"(21, 920.115758411202)",69.21623870962895,15.312955167005072,0.18769994046821076,3.3115931995811554,169.39407987806405
"(22, 920.115758411202)",68.97069404057906,15.585392276949204,0.1910393631178639,3.663368952128348,172.114959529458
"(23, 920.115758411202)",68.72843266132811,15.8586851686764,0.19438927559054645,4.029767303005376,174.83086843399443
"(24, 920.115758411202)",68.4895397348639,16.13266716777243,0.19774763485946778,4.4107368453183655,177.53997817742228
"(25, 920.115758411202)",68.25406063209994,16.40720644708897,0.2011128250413686,4.806233632525689,180.24084590663256
"(26, 920.115758411202)",68.02200968973631,16.682199316491456,0.20448357514499615,5.216220511484285,182.9323393156879
"(27, 920.115758411202)",67.79337699478947,16.95756494478089,0.20785889437457847,5.640666557772865,185.61357768220634
"(28, 920.115758411202)",67.56813362276442,17.23324121343733,0.21123802130670852,6.07954660338799,188.28388557651576
"(29, 920.115758411202)",67.34623566668209,17.50918146336241,0.2146203840132433,6.532840848586604,190.94275655826218
"(30, 920.115758411202)",67.12762732401856,17.785351944329445,0.2180055687977119,7.000534550601502,193.58982472157066
"(31, 920.115758411202)",66.91224325311053,18.06172981547271,0.2213932956861243,7.482617782623865,196.2248423847699
"(32, 920.115758411202)",66.70001036764235,18.33830157526888,0.22478339918233076,7.979085256617032,198.8476625602812
"(33, 920.115758411202)",66.49084920228553,18.615061824368425,0.2281758131033146,8.489936203589364,201.45822512105966
"(34, 920.115758411202)",66.28467495623566,18.892012283371656,0.23157055853949057,9.015174304844937,204.05654579142407
"(35, 920.115758411202)",66.08139829802182,19.16916100410246,0.23496773418682107,9.554807667583352,206.64270727588524
"(36, 920.115758411202)",65.88092599732155,19.446521725542837,0.23836750845212806,10.108848838188193,209.21685198183022
"(37, 920.115758411202)",65.68316143458782,19.724113336240944,0.24177011286350739,10.67731484651173,211.7791759120563
"(38, 920.115758411202)",65.48800502725862,20.001959413644652,0.24517583642367197,11.260227274628436,214.3299234004393
"(39, 920.115758411202)",65.29535460163783,20.28008781790424,0.2485850206309451,11.857612343898571,216.86938244360775
"(40, 920.115758411202)",65.10510572988264,20.558530323841556,0.2519980549680962,12.469501013590294,219.3978804515273
"(41, 920.115758411202)",64.9171520505084,20.83732227801349,0.255415372698762,13.095929087420265,221.91578027318099
"(42, 920.115758411202)",64.73138557721336,21.116502273825542,0.2588374468851177,13.73693732074972,224.42347642516955
"(43, 920.115758411202)",64.54769700427137,21.396111838435157,0.2622647865500725,14.392571525058688,226.92139145601328
"(44, 920.115758411202)",64.36597601600783,21.676195127115122,0.26569793293090055,15.062882668733799,229.40997239827044
"(45, 920.115758411202)",64.18611158925238,21.956798626180568,0.269137455837833,15.747926964227663,231.88968733086142
"(46, 920.115758411202)",64.00799229564244,22.237970861877148,0.2725839500857424,16.447765942628738,234.36102202123539
"(47, 920.115758411202)",63.83150661404862,22.519762113315107,0.27603803197539584,17.16246652182751,236.82447661954947
"(48, 920.115758411202)",63.65654322474109,22.80222413561716,0.2795003358999042,17.89210105015106,239.28056249257503
"(49, 920.115758411202)",63.48299130467209,23.085409889636257,0.28297151103175916,18.636747337899703,241.72979914385118
"(50, 920.115758411202)",63.31074081290401,23.369373281231937,0.2864522181269189,19.396488670941704,244.17271125947934
"(51, 920.115758411202)",63.139682765530196,23.654168910800642,0.2899431264547129,20.17141380704581,246.6098258869474
"(52, 920.115758411202)",62.969709498128196,23.939851834062807,0.29344491086564317,20.961616955089923,249.04166975795889
"(53, 920.115758411202)",62.800714914152785,24.22647733491161,0.2969582490070532,21.767197737521908,251.46876676406544
"(54, 920.115758411202)",62.63259471806751,24.51410071092113,0.300483818693992,22.58826113670084,253.8916355912157
"(55, 920.115758411202)",62.46524663225015,24.802777071967434,0.30402229544077536,23.42491742584958,256.310787517554
"(56, 920.115758411202)",62.298570597106746,25.09256115218633,0.3075743501560497,24.2772820855479,258.7267243761184
"(57, 920.115758411202)",62.13246895405558,25.383507135349376,0.3111406470023177,25.14547570668285,261.1399366824068
"(58, 920.115758411202)",61.96684661137914,25.675668493537504,0.31472184141848053,26.02962388089288,263.55090192444237
"(59, 920.115758411202)",61.801611193096264,25.96909783889166,0.3183185783026367,26.929857079558776,265.96008301174743
"(60, 920.115758411202)",61.63667317123905,26.263846788076446,0.3219314903507479,27.846310522370242,268.36792687815677
"(61, 920.115758411202)",61.47194598204196,26.559965839015085,0.3255611965456987,28.779124036455904,270.77486323244807
"(62, 920.115758411202)",61.307346126685474,26.857504259369378,0.329208300790335,29.7284419071567,273.18130344980545
"(63, 920.115758411202)",61.142793257304284,27.15650998619653,0.3328733906774945,30.694412721311377,275.5876395968198
"(64, 920.115758411202)",60.97821024904442,27.457029536163258,0.3365570363894484,31.677189204028494,277.99424358207534
"(65, 920.115758411202)",60.81352325901236,27.759107925709053,0.3402597897192981,32.67692804975304,280.4014664246551
"(66, 920.115758411202)",60.64866177280439,28.062788600507616,0.3439821832063408,33.693789748480725,282.8096376323625
"(67, 920.115758411202)",60.483558639611495,28.368113373605876,0.34772472937780113,34.72793840782474,285.21906468196073
"(68, 920.115758411202)",60.31815009662305,28.67512237164507,0.35148792008963176,35.77954157166305,287.6300325939844
"(69, 920.115758411202)",60.152375783444505,28.98385398854771,0.355272225958832,36.848770035987684,290.04280359455896
"(70, 920.115758411202)",59.986178747343445,29.29434484613852,0.35907809588074546,37.935797662570025,292.4576168575924
"(71, 920.115758411202)",59.81950543998924,29.60662976115789,0.362905956624736,39.04080119097063,294.87468832074114
"(72, 920.115758411202)",59.6523057063402,29.920741718177922,0.36675621250219265,40.16396004940021,297.2942105690748
"(73, 920.115758411202)",59.484532766275606,30.236711847971865,0.3706292451014038,41.30545616491143,299.71635278093805
"(74, 920.115758411202)",59.31614318953173,30.5545694109169,0.37452541308409987,42.46547377333068,302.1412607308146
"(75, 920.115758411202)",59.147096864461645,30.874341785044287,0.37844505203899037,43.644199229334916,304.5690568444875
"(76, 920.115758411202)",58.97735696105154,31.19605445841017,0.38238847438824214,44.84182081704079,306.99984030239915
"(77, 920.115758411202)",58.806889888658965,31.519731025456267,0.38635596934286726,46.05852856146023,309.4336871871472
"(78, 920.115758411202)",58.63566524881036,31.845393187106573,0.39034780290391735,47.29451404112523,311.8706506719591
"(79, 920.115758411202)",58.463655783437396,32.173060754339105,0.39436421790625703,48.5499702022093,314.31076124684694
"(80, 920.115758411202)",58.29083731883509,32.502751655030345,0.3984054341024618,49.825091174420905,316.7540269799099
"(81, 920.115758411202)",58.11718870564713,32.83448194387119,0.4024716482843654,51.12007208895682,319.2004338112186
"(82, 920.115758411202)",57.942691755106004,33.16826581520246,0.40656303444039094,52.43510889877559,321.6499458773044
"(83, 920.115758411202)",57.767331171788776,33.504115618610214,0.41067974394671347,53.770398201462214,324.10250586418636
"(84, 920.115758411202)",57.59109448308459,33.84204187716357,0.41482190579080713,55.126137064907645,326.5580353873811
"(85, 920.115758411202)",57.41397196556001,34.18205330818811,0.4189896268260874,56.50252285615634,329.01643539735556
"(86, 920.115758411202)",57.23595656843686,34.524156846464074,0.42318299205625076,57.89975307339584,331.477586609163
"(87, 920.115758411202)",57.057043834326485,34.86835766977517,0.42740206494845284,59.318025181759644,333.9413499547999
"(88, 920.115758411202)",56.87723181740482,35.21465922672285,0.4316468877742371,60.75753645275164,336.4075670574756
"(89, 920.115758411202)",56.696520999184,35.5630632667353,0.4359174819773811,62.218483807796616,338.8760607265229
"(90, 920.115758411202)",56.51491420204376,35.913569872202714,0.44021384856779,63.701063666040106,341.34663547202604
"(91, 920.115758411202)",56.33241650066986,36.26617749267745,0.4445359685407113,65.20547179666009,343.81907803823475
"(92, 920.115758411202)",56.14903513158198,36.62088298106356,0.4488838033203271,66.73190317590995,346.29315795467767
"(93, 920.115758411202)",55.964779400887295,36.977681631741476,0.45325729522708186,68.28055184911364,348.7686281041629
"(94, 920.115758411202)",55.77966059043522,37.336567220554734,0.45765636796780806,69.85161079784336,351.2452253065725
"(95, 920.115758411202)",55.59369186255065,37.697532046582175,0.462080927147766,71.44527181248276,353.7226709174353
"(96, 920.115758411202)",55.40688816350337,38.060566975627204,0.4665308608037124,73.06172537038658,356.2006714402522
"(97, 920.115758411202)",55.21926612589326,38.425661485341735,0.47100603995700424,74.70116051986383,358.67891915143207
"(98, 920.115758411202)",55.03084397003914,38.79280371187165,0.4755063191853738,76.36376477014086,361.15709273642847
"(99, 920.115758411202)",54.84164140525682,39.161980498088894,0.4800315372141284,78.04972398753547,363.6348579375374
"(100, 920.115758411202)",54.65167952910267,39.5331774428442,0.4845815175198679,79.75922229799919,366.11186820684526
"(101, 920.115758411202)",54.460980728285186,39.90637895191663,0.4891560689550129,81.49244199620126,368.5877653717827
"(102, 920.115758411202)",54.26956857793816,40.28156828976137,0.4937549863821019,83.24956346132633,371.06218030295406
"(103, 920.115758411202)",54.07746774154444,40.658727632412095,0.4983780513222451,85.03076507973036,373.53473358813415
"(104, 920.115758411202)",53.8847038710136,41.03783812125326,0.5030250326142484,86.83622317459032,376.0050362090884
"(105, 920.115758411202)",53.69130350719251,41.4188799175626,0.5076956870831705,88.66611194268476,378.47269021994293
"(106, 920.115758411202)",53.49729398102511,41.80183225767856,0.51238976021654,90.5206033984135,380.9372894253621
"(107, 920.115758411202)",53.3027033155233,42.186673508667575,0.5171069868467063,92.39986732515298,383.39842005703565
"(108, 920.115758411202)",53.10756012874933,42.57338122434229,0.5218470918374878,94.30407123405533,385.8556614466749
"(109, 920.115758411202)",52.911893537989684,42.96193220148683,0.5266097907733567,96.23338033033524,388.3085866938563
"(110, 920.115758411202)",52.71573306527275,43.35230253615288,0.5313947906494924,98.1879574871385,390.75676332708105
"(111, 920.115758411202)",52.51910854442176,43.7444676798677,0.5362017905607552,100.1679632270183,393.1997539562355
"(112, 920.115758411202)",52.32205002976485,44.13840249562428,0.5410304823879996,102.17355571105882,395.6371169149539
"(113, 920.115758411202)",52.1245877066787,44.53408131349398,0.5458805514797374,104.20489073566647,398.0684068910372
"(114, 920.115758411202)",51.92675180406649,44.931477985735235,0.5507516773276508,106.26212173704707,400.493175543526
"(115, 920.115758411202)",51.72857250892248,45.33056594124471,0.5556435342340235,108.3453998033489,402.91097210467035
"(116, 920.115758411202)",51.53007988306241,45.73131823922976,0.5605557919696438,110.45487369446022,405.3213439654806
"(117, 920.115758411202)",51.33130378214033,46.13370762196118,0.5654881164204104,112.59068986944199,407.723837243246
"(118, 920.115758411202)",51.13227377701449,46.537706566488865,0.5704401702212648,114.75299252154763,410.11799732980666
"(119, 920.115758411202)",50.93301907755006,46.9432873351951,0.5754116133758307,116.94192362078158,412.50336941913423
"(120, 920.115758411202)",50.733568458896755,47.35042202508009,0.5804021038605567,119.15762296394276,414.87949901317063
"(17, 920.1908717841359)",70.19976715995631,14.26318945606596,0.17483234180420848,2.065173100400971,158.81395192047563
"(18, 920.1908717841359)",69.94476678283958,14.528364020481218,0.17808274314161326,2.3580096420283656,161.5121050191631
"(19, 920.1908717841359)",69.69188504816745,14.795724248395233,0.18135993544810877,2.6657686657554858,164.21998844095432
"(20, 920.1908717841359)",69.44153241721348,15.064840747378286,0.18465865540694235,2.988359325719421,166.93284977568118
"(21, 920.1908717841359)",69.19400979404783,15.335370569981416,0.187974699308574,3.325702297337817,169.64690013277968
"(22, 920.1908717841359)",68.94953219688693,15.607039930512167,0.1913047111999766,3.6777285313323125,172.35912044418652
"(23, 920.1908717841359)",68.70824743343556,15.879630423317785,0.1946460139540041,4.044378181736737,175.06710708790536
"(24, 920.1908717841359)",68.47025075789308,16.15296808496917,0.19799647519810093,4.4255996848232,177.76894943790333
"(25, 920.1908717841359)",68.23559633038951,16.426914739246648,0.20135440122469817,4.821348969750049,180.46313303077764
"(26, 920.1908717841359)",68.00430614776171,16.70136116229261,0.20471845321241833,5.231588785349731,183.14846314648534
"(27, 920.1908717841359)",67.77637698185919,16.976221693663696,0.2080875811705912,5.656288130544616,185.82400459427384
"(28, 920.1908717841359)",67.55178575207876,17.25142999315544,0.2114609719281283,6.095421778194675,188.48903432867039
"(29, 920.1908717841359)",67.33049367062303,17.52693570367894,0.21483800822843407,6.548969883888115,191.143004200202
"(30, 920.1908717841359)",67.11244942928428,17.802701828646253,0.21821823658246478,7.016917672286378,193.7855116877287
"(31, 920.1908717841359)",66.89759164144579,18.07870267067854,0.22160134200226347,7.49925519423368,196.4162768913636
"(32, 920.1908717841359)",66.68585070966103,18.354922208813385,0.2249871281094281,7.995977148097956,199.03512440712572
"(33, 920.1908717841359)",66.47715025380938,18.631352816198092,0.2283755014171148,8.507082758887531,201.6419689842665
"(34, 920.1908717841359)",66.27140820806505,18.90799423927748,0.23176645881735158,9.032575708590016,204.23680408087077
"(35, 920.1908717841359)",66.0685376714311,19.184852776037996,0.23516007750827844,9.572464111000958,206.81969262016673
"(36, 920.1908717841359)",65.86844757877824,19.461940603604727,0.23855650675211315,10.126760524437481,209.39075939356763
"(37, 920.1908717841359)",65.67104324413513,19.73927521631848,0.2419559609873288,10.695481995493118,211.95018467880536
"(38, 920.1908717841359)",65.47622681584755,20.01687894413537,0.24535871392539285,11.278650127382729,214.49819873945893
"(39, 920.1908717841359)",65.28389767347875,20.294778528337957,0.24876509335000976,11.87629116660242,217.035076952605
"(40, 920.1908717841359)",65.09395278633009,20.573004737913447,0.2521754764148382,12.488436101207238,219.56113538354248
"(41, 920.1908717841359)",64.90628705266028,20.85159201307218,0.25559028527388616,13.115120767041713,222.0767266586916
"(42, 920.1908717841359)",64.72079362466975,21.130578128645904,0.2590099829555923,13.756385954623513,224.58223606207713
"(43, 920.1908717841359)",64.5373642279932,21.41000387077167,0.2624350693997376,14.412277513322755,227.07807778435196
"(44, 920.1908717841359)",64.35588948341363,21.689912722377315,0.2658660776022647,15.082846451874747,229.56469127478198
"(45, 920.1908717841359)",64.17625921999267,21.970350558353154,0.2693035698788109,15.768149025254903,232.04253771610803
"(46, 920.1908717841359)",63.99836278669633,22.251365347664624,0.2727481342133312,16.468246808962242,234.51209659029948
"(47, 920.1908717841359)",63.82208937298271,22.533006860359386,0.2762003806667194,17.18320676695136,236.97386230586736
"(48, 920.1908717841359)",63.647328310135045,22.815326385501557,0.27966093791934327,17.913101294985605,239.42834097298396
"(49, 920.1908717841359)",63.47396937278226,23.098376456346355,0.2831304499023388,18.658008251928972,241.87604727233884
"(50, 920.1908717841359)",63.30190306987599,23.382210585580186,0.2866095725523448,19.41801097310036,244.31750145552036
"(51, 920.1908717841359)",63.131020924464536,23.666883011319698,0.2900989706980036,20.19319826637241,246.75322648390403
"(52, 920.1908717841359)",62.96121574040473,23.95244845479224,0.2935993150897282,20.983664391162336,249.18374531647984
"(53, 920.1908717841359)",62.79238185457205,24.238961890410895,0.29711127958139016,21.789509020671918,251.6095783542276
"(54, 920.1908717841359)",62.62441537332407,24.526478328854434,0.3006355384713887,22.61083718804084,254.03124104723946
"(55, 920.1908717841359)",62.457214392388,24.815052613520084,0.3041727640076559,23.44775921711406,256.4492416680811
"(56, 920.1908717841359)",62.290679199600916,25.104739230569578,0.30772362405926423,24.300390638746904,258.8640792529211
"(57, 920.1908717841359)",62.124712460250535,25.39559213259291,0.31128877995500026,25.16885209360847,261.2762417098033
"(58, 920.1908717841359)",61.959219385017796,25.687664575764217,0.3148688844872574,26.053269222469723,263.68620409155807
"(59, 920.1908717841359)",61.794107880724,25.98100897023243,0.31846458007820605,26.953772545062375,266.09442702947075
"(60, 920.1908717841359)",61.62928868427079,26.27567674337823,0.32207649710363545,27.8704973285062,268.5013553224688
"(61, 920.1908717841359)",61.46467548033674,26.57171821545859,0.32570525236867554,28.803583446347798,270.9074166754557
"(62, 920.1908717841359)",61.30018500347066,26.869182487112017,0.32935144772887026,29.753175229209756,273.3130205797866
"(63, 920.1908717841359)",61.135737125311934,27.168117338140203,0.33301566884947714,30.719421307994093,275.71855732838344
"(64, 920.1908717841359)",60.97125492772942,27.46856913693962,0.3366984840953376,31.7024744505706,278.1243971575151
"(65, 920.1908717841359)",60.80666476277842,27.770582759943807,0.34040044354341387,32.70249139276838,280.53088950715215
"(66, 920.1908717841359)",60.641896300113416,28.074201520447772,0.34412207811036005,33.71963266451838,282.9383623920223
"(67, 920.1908717841359)",60.476882562899085,28.379467106167418,0.34786389878714463,34.75406241187893,285.34712187529215
"(68, 920.1908717841359)",60.311559952962014,28.686419524927775,0.3516263959733206,35.80594821561483,287.75745163738884
"(69, 920.1908717841359)",60.14586826587171,28.995097057874144,0.3554100389035084,36.875460907012915,290.1696126324402
"(70, 920.1908717841359)",59.9797506967907,29.30553621966056,0.359215275159397,37.962774381522856,292.5838428255809
"(71, 920.1908717841359)",59.81315383778318,29.61777172506009,0.36304253026047895,39.06806541070498,295.00035700440367
"(72, 920.1908717841359)",59.646027667199185,29.931836461525062,0.3668922073276892,40.1915134531002,297.419346658572
"(73, 920.1908717841359)",59.47832553177641,30.247761467223512,0.3707646868141953,41.33330046437629,299.8409799219502
"(74, 920.1908717841359)",59.31000412200393,30.565575914138943,0.37466032629823776,42.49361070726349,302.26540157204073
"(75, 920.1908717841359)",59.14102344126596,30.88530709584712,0.3785794603333042,43.672630561605395,304.69273308206544
"(76, 920.1908717841359)",58.97134676922164,31.206980419630955,0.38252240035147533,44.8705483349467,307.12307272143767
"(77, 920.1908717841359)",58.80094061987235,31.530619402608796,0.3864894346159676,46.08755407398995,309.556495700635
"(78, 920.1908717841359)",58.62977469465763,31.85624567162007,0.3904808282197313,47.32383937721262,311.9930543572933
"(79, 920.1908717841359)",58.45782183097344,32.18387896659927,0.3944968231268071,48.57959720899447,314.4327783801342
"(80, 920.1908717841359)",58.28505794638316,32.51353714724213,0.3985376382540446,49.8550217155226,316.87567506825724
"(81, 920.1908717841359)",58.111461978843224,32.84523620275444,0.40260346959058285,51.15030804273879,319.3217296231375
"(82, 920.1908717841359)",57.93701582315939,33.178990264535855,0.40669449035334054,52.46565215664814,321.7709054713971
"(83, 920.1908717841359)",57.76170426394404,33.514811621635296,0.41081085117645244,53.801250666174155,324.2231446162685
"(84, 920.1908717841359)",57.58551490526303,33.852710738862655,0.41495268033327515,55.157300648871626,326.6783680161687
"(85, 920.1908717841359)",57.40843809718248,34.192696277439396,0.4191200839895213,56.533999479783155,329.1364759887747
"(86, 920.1908717841359)",57.230466859395186,34.53477511809188,0.4233131464863183,57.93154466345803,331.59734863947284
"(87, 920.1908717841359)",57.05159680210939,34.87895238649651,0.42753193065211087,59.35013366977203,334.0608463125486
"(88, 920.1908717841359)",56.87182604435467,35.2252314810036,0.43177647814248854,60.78996377338187,336.52681006443856
"(89, 920.1908717841359)",56.69115512987981,35.57361410256171,0.4360468098069814,62.25123189730135,338.99506215767616
"(90, 920.1908717841359)",56.509586940798386,35.924100286775435,0.44034292608201575,63.73413446072849,341.4654065746589
"(91, 920.1908717841359)",56.327126609140095,36.27668843803155,0.4446648074092181,65.23886723139528,343.937629550218
"(92, 920.1908717841359)",56.1437814264732,36.631375365625274,0.4490124146782347,66.765625182634,346.4115001220307
"(93, 920.1908717841359)",55.95956075175538,36.988156321822395,0.45338568969328086,68.31460235541988,348.88677069789196
"(94, 920.1908717841359)",55.77447591757091,37.34702504179197,0.45778455566262183,69.88599172557497,351.36317763892635
"(95, 920.1908717841359)",55.588540134952275,37.7079737853238,0.462208917709928,71.47998507637345,353.84044185752714
"(96, 920.1908717841359)",55.40176839691476,38.07099338027521,0.4666586634068277,73.09677287674386,356.3182694292046
"(97, 920.1908717841359)",55.214177380920646,38.43607326764747,0.4711336633254298,74.73654416528875,358.79635221699203
"(98, 920.1908717841359)",55.025785350331226,38.803201548192476,0.47563377160962067,76.39948644029727,361.2743685071361
"(99, 920.1908717841359)",54.83661205574663,39.17236503060813,0.4801588265658169,78.08578555595632,363.7519836564904
"(100, 920.1908717841359)",54.6466786343109,39.543549280755,0.4847086512662395,79.79562562494336,366.22885074505035
"(101, 920.1908717841359)",54.45600751067322,39.916738672577154,0.48928305417308665,81.52918892755426,368.70461124118293
"(102, 920.1908717841359)",54.26462229632675,40.2919164398137,0.49388182977239375,83.28665582755255,371.1788956690507
"(103, 920.1908717841359)",54.07254768956802,40.66906472888051,0.4985047592222273,85.06820469486856,373.65132428237354
"(104, 920.1908717841359)",53.87980937562905,41.048164652613146,0.5031516110114524,86.87401183530287,376.121507740918
"(105, 920.1908717841359)",53.68643392724214,41.42919634478084,0.507822141627938,88.70425142735677,378.5890477885424
"(106, 920.1908717841359)",53.49244870582778,41.81213901523835,0.5125160962345897,90.55909546629809,381.0535379312111
"(107, 920.1908717841359)",53.297881763522085,42.196971005564215,0.5172332093513363,92.43871371557881,383.5145641131338
"(108, 920.1908717841359)",53.1027617461979,42.583669845059184,0.5219732055415387,94.34327366566792,385.9717053895605
"(109, 920.1908717841359)",52.90711779767255,42.972212306953665,0.5267358001009552,96.27294050040814,388.4245345944042
"(110, 920.1908717841359)",52.710979465274434,43.362574464679305,0.5315206997474989,98.22787707092807,390.8726190010369
"(111, 920.1908717841359)",52.51437660692772,43.754731748060735,0.5363276033100116,100.20824387716594,393.3155209745698
"(112, 920.1908717841359)",52.31733929990468,44.148658999284244,0.5411562024143017,102.21419905705297,395.75279861395563
"(113, 920.1908717841359)",52.11989775140297,44.54433052849314,0.5460061821646174,104.24589838335483,398.18400638223216
"(114, 920.1908717841359)",51.92208221106506,44.941720168875364,0.5508772218188817,106.30349526819072,400.6086957233488
"(115, 920.1908717841359)",51.72392288557018,45.34080133110003,0.5557689954559486,108.38714077523673,403.02641566396613
"(116, 920.1908717841359)",51.52544985541036,45.74154705696639,0.5606811726332244,110.49698363956922,405.4367133987491
"(117, 920.1908717841359)",51.32669299393563,46.143930072141,0.5656134190330866,112.63317029514535,407.8391348577163
"(118, 920.1908717841359)",51.1276818887593,46.5479228378525,0.5705653970965371,114.79584490987078,410.23322525425334
"(119, 920.1908717841359)",50.92844576558869,46.95349760142886,0.5755367666426794,116.98514942820277,412.6185296125471
"(120, 920.1908717841359)",50.729013414541825,47.360626445561635,0.5805271854725651,119.20122362124647,414.99459327314395
"(17, 920.2842278276436)",70.16555507157103,14.295804150244154,0.17523211938396888,2.081513428013696,159.18184224986354
"(18, 920.2842278276436)",69.91247265529572,14.559595946522588,0.1784655713151926,2.374652621377266,161.864397870244
"(19, 920.2842278276436)",69.6613297166117,14.82570294197969,0.18172740201088186,2.682716872374149,164.558144962334
"(20, 920.2842278276436)",69.41255717536198,15.093680960961253,0.18501216694756942,3.0056148352490153,167.258164362814
"(21, 920.2842278276436)",69.16647407241157,15.363173946888928,0.18831550172936246,3.343266785422461,169.96051931155915
"(22, 920.2842278276436)",68.9233113811113,15.633896579614834,0.1916339090186048,3.6956033536877713,172.66206063309184
"(23, 920.2842278276436)",68.68323088261641,15.905620350310882,0.1949645878475578,4.062564438336524,175.360270742688
"(24, 920.2842278276436)",68.4463400413661,16.17816246644395,0.19830529762012075,4.444098271492797,178.05313942297107
"(25, 920.2842278276436)",68.21270367897411,16.45137704217883,0.20165425012740876,4.840160619772445,180.73906524689244
"(26, 920.2842278276436)",67.98235310412446,16.725148119855888,0.20501002400785606,5.250714103148164,183.41677753784833
"(27, 920.2842278276436)",67.7552932299533,16.999384151752356,0.20837149710692923,5.675727619140113,186.08527469720033
"(28, 920.2842278276436)",67.53150810443046,17.274013642892925,0.21173779306846754,6.115175861737839,188.7437755342062
"(29, 920.2842278276436)",67.3109651930779,17.548981714611056,0.21510823921222302,6.56903892630516,191.39168089647956
"(30, 920.2842278276436)",67.09361868454704,17.824247396090286,0.21848233333469233,7.037301992892621,194.02854343400654
"(31, 920.2842278276436)",66.87941203481985,18.09978148921074,0.22185971753725786,7.519955080925802,196.65404375890867
"(32, 920.2842278276436)",66.66827992244399,18.37556488239331,0.22524015755800886,8.01699286866954,199.26797160537944
"(33, 920.2842278276436)",66.46014975187188,18.651587213943873,0.22862352638753192,8.528414570840626,201.87021087394209
"(34, 920.2842278276436)",66.2549428148649,18.92784580465275,0.23200979118517412,9.054223867731292,204.46072766156948
"(35, 920.2842278276436)",66.05257519632141,19.204344796054,0.23539900271616288,9.59442887912173,207.0395605669196
"(36, 920.2842278276436)",65.85295849280182,19.481094443673665,0.23879128668854344,10.14904217615566,209.60681270598
"(37, 920.2842278276436)",65.6560003966784,19.758110525543795,0.24218683650297843,10.718080824467728,212.16264499669555
"(38, 920.2842278276436)",65.46160518652987,20.035413835101714,0.2455859070369154,11.301566451937356,214.70727037088182
"(39, 920.2842278276436)",65.26967415442948,20.31302973489512,0.2489888091740887,11.899525334876381,217.24094865362432
"(40, 920.2842278276436)",65.08010599076401,20.590987753906504,0.2523959048686875,12.511988495834593,219.76398192310486
"(41, 920.2842278276436)",64.8927971462396,20.869321214555196,0.2558076025732967,13.138991809430227,222.27671019717687
"(42, 920.2842278276436)",64.7076421766724,21.14806688173196,0.2592243529369111,13.780576108827747,224.779507367838
"(43, 920.2842278276436)",64.52453407966189,21.42726462700872,0.2626466446889484,14.436787289544416,227.2727773095459
"(44, 920.2842278276436)",64.3433646313083,21.70695710323393,0.2660750006505716,15.10767640959949,229.75695010835156
"(45, 920.2842278276436)",64.16402471240553,21.98718943020446,0.26950997388179515,15.793299776033892,232.23247842962238
"(46, 920.2842278276436)",63.98640463151119,22.268008888455135,0.2729521439280841,16.493719018842945,234.69983398991374
"(47, 920.2842278276436)",63.81039445553232,22.549464618999167,0.27640211313986196,17.20900115857099,237.15950410227586
"(48, 920.2842278276436)",63.63588431982495,22.83160733487139,0.2798605031367783,17.939218649344806,239.61198837934103
"(49, 920.2842278276436)",63.46276473743132,23.11448904068773,0.2833279513701282,18.68444940983933,242.0577955388072
"(50, 920.2842278276436)",63.29092689682845,23.39816276295072,0.28680510781710294,19.44477683633067,244.49744034815598
"(51, 920.2842278276436)",63.12026294764628,23.682682291712347,0.29029263181414566,20.22028979850288,246.93144071463263
"(52, 920.2842278276436)",62.950666272688295,23.968101934392507,0.2937911890394011,21.01108261815007,249.36031492954046
"(53, 920.2842278276436)",62.782031744760054,24.254476282482557,0.2973014486530347,21.817255031170795,251.78457907452707
"(54, 920.2842278276436)",62.61425596727625,24.54185999160979,0.3008240806013694,22.63891213344507,254.20474459474696
"(55, 920.2842278276436)",62.447237497793246,24.83030757533357,0.30435975308931873,23.476164311387404,256.62131604222856
"(56, 920.2842278276436)",62.28087705399758,25.11987321282664,0.30790913022301375,24.329127158033412,259.0347889903341
"(57, 920.2842278276436)",62.11507770194216,25.410610570433874,0.3114728698225624,25.197921375616474,261.44564811830054
"(58, 920.2842278276436)",61.949745026567705,25.70257263695356,0.3150516214029756,26.082672665704777,263.8543654629797
"(59, 920.2842278276436)",61.784787284748084,25.995811572358402,0.31864602431986194,26.983511607858716,266.261398833694
"(60, 920.2842278276436)",61.62011554129629,26.29037856955437,0.3222567060749246,27.900573527913387,268.6671903845285
"(61, 920.2842278276436)",61.45564378851237,26.58632372868521,0.32588428077522774,28.833998356870264,271.07216533752717
"(62, 920.2842278276436)",61.29128904992453,26.883695943442273,0.3295293477396413,29.78393048142358,273.47673084969927
"(63, 920.2842278276436)",61.12697146902897,27.182542798753047,0.33319249024474173,30.750518587037828,275.88127501581397
"(64, 920.2842278276436)",60.96261438377097,27.48291047924972,0.3368742744028569,31.733915494535033,278.28616599929586
"(65, 920.2842278276436)",60.798144387668515,27.78484368783024,0.3405752481638236,32.734277991001136,280.69175128265135
"(66, 920.2842278276436)",60.63349137844504,28.088385573689273,0.34429594043281786,33.751766655837734,283.0983570295704
"(67, 920.2842278276436)",60.468588594824354,28.39357766915877,0.34803686029617886,34.786545682716046,285.50628755051036
"(68, 920.2842278276436)",60.30337264264678,28.700459834747253,0.3517984963477091,35.83878269809932,287.91582486417826
"(69, 920.2842278276436)",60.13778351076945,29.009070211756132,0.3555813161078881,36.90864857700303,290.327228347282
"(70, 920.2842278276436)",59.971764577667685,29.319445181931936,0.3593857655292719,37.99631725657844,292.74073446577415
"(71, 920.2842278276436)",59.80526260942677,29.631619333587675,0.36321226858126104,39.10196554804485,295.1565565807877
"(72, 920.2842278276436)",59.63822774975773,29.9456254337146,0.3670612269082255,40.225772947503444,297.57488482320036
"(73, 920.2842278276436)",59.470613502673984,30.261494405609632,0.3709330195552903,41.36792144608019,299.99588603113637
"(74, 920.2842278276436)",59.302376708381466,30.579255311601468,0.374828002756595,42.528595339816164,302.41970374521475
"(75, 920.2842278276436)",59.13347751289637,30.898935340489846,0.3787465097813201,43.70798103973307,304.84645825678416
"(76, 920.2842278276436)",58.96387933188177,31.2205597993399,0.3826888508331214,44.90626688239088,307.2762467048165
"(77, 920.2842278276436)",58.79354880910633,31.544152109330646,0.3866553129992282,46.1236429413498,309.70914321760074
"(78, 920.2842278276436)",58.622455769925935,31.86973380537115,0.39064616024575116,47.36030083978128,312.1451990958137
"(79, 920.2842278276436)",58.45057317013844,32.19732453923611,0.39466163345609956,48.616433564603575,314.58444303373955
"(80, 920.2842278276436)",58.27787704052144,32.5269420860044,0.39870195050992374,49.892235282390246,317.0268813760103
"(81, 920.2842278276436)",58.104346427333546,32.8586023536113,0.40276730640018377,51.187901157338494,319.47249840737453
"(82, 920.2842278276436)",57.92996332905335,33.1923193953376,0.4068578733862493,52.5036271715747,321.9212566732869
"(83, 920.2842278276436)",57.754712629584596,33.52810542509199,0.4109738011812168,53.83960994804574,324.37309732940184
"(84, 920.2842278276436)",57.578582028125545,33.86597083536706,0.41511521717200645,55.19604657623747,326.82794051840705
"(85, 920.2842278276436)",57.401561965929126,34.20592421774231,0.4192822266706895,56.57313444106512,329.2856857724254
"(86, 920.2842278276436)",57.22364555013247,34.54797238583923,0.42347491319584757,57.97107105491276,331.74621243990623
"(87, 920.2842278276436)",57.04482847481676,34.89212040064733,0.42769333878302024,59.390053893484456,334.20938013547413
"(88, 920.2842278276436)",56.86510893948594,35.23837159813116,0.4319375443230974,60.83028023529111,336.67502921185917
"(89, 920.2842278276436)",56.68448756511948,35.586727619049796,0.4362075499278336,62.29194700525752,339.14298125266714
"(90, 920.2842278276436)",56.50296730796141,35.937188440918476,0.44050335532161644,63.77525062258926,341.61303958505067
"(91, 920.2842278276436)",56.32055337120577,36.289752412045395,0.44482494025868713,65.28038685315974,344.0849898112839
"(92, 920.2842278276436)",56.13725311473874,36.644416287578565,0.44917226496497453,66.8075506666209,346.5586003582644
"(93, 920.2842278276436)",55.9530759631089,37.001175267490474,0.45354527060370725,68.35693609848377,349.0336230439286
"(94, 920.2842278276436)",55.768033311874916,37.360023036440595,0.45794387976402146,69.92873611737271,351.509793659655
"(95, 920.2842278276436)",55.58213843251703,37.72095180543376,0.4623679969716022,71.5231424976773,353.98683256754794
"(96, 920.2842278276436)",55.39540637607427,38.08395235520423,0.4668175092204639,73.1403456978023,356.46444531157624
"(97, 920.2842278276436)",55.20785387569258,38.44901408123974,0.47129228652483224,74.7805347442422,358.9423232413876
"(98, 920.2842278276436)",55.019499248159605,38.81612504033821,0.47579218248981653,76.44389712164259,361.4201441474275
"(99, 920.2842278276436)",54.830362295322594,39.185271998756534,0.48031703490161215,78.1306186690746,363.89757290781887
"(100, 920.2842278276436)",54.64046420346027,39.55644048138749,0.48486666633027414,79.84088348267079,366.3742621404493
"(101, 920.2842278276436)",54.449827444329266,39.92961482263326,0.48944088475331365,81.57487382482634,368.8498528676556
"(102, 920.2842278276436)",54.258475674544414,40.304778218091464,0.494039484189241,83.33277004009585,371.3239751833671
"(103, 920.2842278276436)",54.066433635624534,40.68191277739093,0.4986622453452023,85.11475047795804,373.7962489263504
"(104, 920.2842278276436)",53.873727054170566,41.06099957790857,0.5033089362754257,86.92099142258095,376.2662843564019
"(105, 920.2842278276436)",53.680382542486385,41.44201871925351,0.5079793130490614,88.75166702971228,378.73368283205997
"(106, 920.2842278276436)",53.486427499833326,41.82494937838413,0.5126731204257822,90.60694927081163,381.1980374882179
"(107, 920.2842278276436)",53.29189001450029,42.209769865223905,0.5173900925375006,92.48700788452601,383.65893391202076
"(108, 920.2842278276436)",53.09679876688132,42.59645767863068,0.5221299535744227,94.392010335597,386.11595081532397
"(109, 920.2842278276436)",52.901182933730716,42.984989562579926,0.5268924184737136,96.32212178126885,388.5686607020523
"(110, 920.2842278276436)",52.70507209378424,43.375341562408806,0.5316771936089146,98.2775050452765,391.01663052867207
"(111, 920.2842278276436)",52.50849613488453,43.76748908098686,0.5364839774784604,100.25832059942519,393.45942235624267
"(112, 920.2842278276436)",52.31148516278552,44.16140693465838,0.541312461391404,102.26472655284294,395.8965939922264
"(113, 920.2842278276436)",52.11406941177348,44.55706940881541,0.5461623301486003,104.29687864888278,398.32769962046837
"(114, 920.2842278276436)",51.91627915723283,44.95445031296149,0.5510332627176527,106.35493026970951,400.7522904177526
"(115, 920.2842278276436)",51.718144630283895,45.353523035124375,0.5559249328998959,108.43903244855939,403.1699151553558
"(116, 920.2842278276436)",51.51969593459973,45.75426059548353,0.5608370099877256,110.54933388964612,405.5801207840724
"(117, 920.2842278276436)",51.320962965496676,46.15663569908313,0.5657691594107367,112.68598099570465,407.98245300130014
"(118, 920.2842278276436)",51.12197533138363,46.56062078750311,0.5707210433690886,114.84911790311592,410.37645679879284
"(119, 920.2842278276436)",50.92276227763581,46.96618808937268,0.5756923214526823,117.03888652457066,412.7616769898147
"(120, 920.2842278276436)",50.723352612949206,47.37330966961318,0.5806826512447462,119.25542659921601,415.13765871446407
"(17, 920.3954724102753)",70.12502377030059,14.334517773954522,0.17570665514708636,2.1010334652404263,159.61857640449142
"(18, 920.3954724102753)",69.87419272327222,14.59668490124248,0.17892019255041475,2.3945312521103936,162.282803894066
"(19, 920.3954724102753)",69.62509375289318,14.8613173620597,0.1821639490036687,2.702957356463065,164.95991654288989
"(20, 920.3954724102753)",69.37818091128015,15.127954240720223,0.1854322747909109,3.026219815360303,167.64480634093212
"(21, 920.3954724102753)",69.13379388210157,15.396224538744077,0.18872062236453827,3.3642384084384593,170.3333679663319
"(22, 920.3954724102753)",68.89218189481623,15.665829719685549,0.19202533238691627,3.7169433683528617,173.02230314864306
"(23, 920.3954724102753)",68.65352278882881,15.936529648465044,0.19534346138047182,4.084274273824825,175.7089631457129
"(24, 920.3954724102753)",68.41793811146215,16.208131335960204,0.1986726437634888,4.466179100742668,178.39122271095195
"(25, 920.3954724102753)",68.18550501861125,16.48047996565436,0.2020109818584312,4.8626134106574534,181.06737966899686
"(26, 920.3954724102753)",67.9562656200612,16.7534517593978,0.2053569584433811,5.273539660078278,183.73607511915472
"(27, 920.3954724102753)",67.73023429354909,17.02694831691497,0.20870936736800255,5.698926616996657,186.39623015812575
"(28, 920.3954724102753)",67.50740339058382,17.300892131686123,0.21206725858908926,6.138748873793887,189.04699577806292
"(29, 920.3954724102753)",67.28774767320931,17.575223043028412,0.21542989468159857,6.5929864473935655,191.68771323937221
"(30, 920.3954724102753)",67.07122775363258,17.84989543061454,0.2187967164502177,7.061624458792067,194.31788274022307
"(31, 920.3954724102753)",66.85779275438306,18.124875995383533,0.22216731572868217,7.544652884803671,196.93713862941954
"(32, 920.3954724102753)",66.64738236352693,18.400142001011883,0.22554141382443588,8.04206637514564,199.54522974987742
"(33, 920.3954724102753)",66.43992842400625,18.675679874992476,0.22891884437124105,8.553864128215627,202.14200378046706
"(34, 920.3954724102753)",66.2353561690903,18.951484087626262,0.23229953958830638,9.080049818705882,204.7273946613628
"(35, 920.3954724102753)",66.03358519187735,19.227556244170884,0.23568351915222638,9.620631570307044,207.30141237912252
"(36, 920.3954724102753)",65.83453021865378,19.503904338371953,0.23907088104706364,10.175621966603034,209.8641345342498
"(37, 920.3954724102753)",65.63810174036004,19.78054212669973,0.2424617938940014,10.745038093358657,212.41569923915355
"(38, 920.3954724102753)",65.44420654401226,20.05748859160495,0.24585649037215607,11.328901605674925,214.95629899553796
"(39, 920.3954724102753)",65.25274817426529,20.334767469906154,0.2492552614377427,11.927238813037516,217.48617528870037
"(40, 920.3954724102753)",65.06362735095594,20.612406827313794,0.2526584511087569,12.540080777558964,220.00561368913378
"(41, 920.3954724102753)",64.87674235554499,20.890438666759124,0.25606645166403724,13.167463418296617,222.51493932944786
"(42, 920.3954724102753)",64.6919894000375,21.168898560371968,0.2594796991322051,13.809427617730412,225.01451264593157
"(43, 920.3954724102753)",64.50926298355407,21.447825299137946,0.2628986689972898,14.466019325006306,227.5047253227868
"(44, 920.3954724102753)",64.32845624657536,21.727260554753347,0.2663238720538949,15.13728965564311,229.98599637753517
"(45, 920.3954724102753)",64.14946131242957,22.00724855416223,0.2697558504178205,15.823294977595133,232.45876840315034
"(46, 920.3954724102753)",63.97216962374295,22.287835763599624,0.2731951736531543,16.524096984764157,234.923503929938
"(47, 920.3954724102753)",63.796472284787555,22.56907057977667,0.2766424349869928,17.239762764200457,237.38068187438162
"(48, 920.3954724102753)",63.622260381835126,22.85100303393887,0.280098247681878,17.97036483871805,239.83079415773435
"(49, 920.3954724102753)",63.4494253014503,23.133684504824497,0.2835632415173559,18.715981197475795,242.27434243707998
"(50, 920.3954724102753)",63.277859036196595,23.41716744316619,0.287038059413068,19.476695308666425,244.71183498455295
"(51, 920.3954724102753)",63.10745447737328,23.70150510823403,0.2905233541993448,20.252596114954603,247.14378371956906
"(52, 920.3954724102753)",62.938105693213835,23.98675131714326,0.29401978554438396,21.04377801185743,249.57070140223365
"(53, 920.3954724102753)",62.769708191205325,24.272960207555318,0.2975280170454825,21.85034080940033,251.99309899446894
"(54, 920.3954724102753)",62.6021591635324,24.560186014211208,0.3010487134899123,22.67238967770661,254.4114831933468
"(55, 920.3954724102753)",62.43535771492016,24.848482859586046,0.30458253828884013,23.51003507725572,256.82635413902204
"(56, 920.3954724102753)",62.269205072450475,25.137904558781695,0.3081301510857669,24.363392674713783,259.2382032977202
"(57, 920.3954724102753)",62.10360477719628,25.42850443860944,0.3116922055389327,25.232583245265378,261.64751151834116
"(58, 920.3954724102753)",61.93846285778796,25.720335170656718,0.3152693472751064,26.11773256251162,264.05474725923904
"(59, 920.3954724102753)",61.773687986168774,26.013448618037128,0.3188622120111229,27.018971276940434,266.46036498082236
"(60, 920.3954724102753)",61.609191616039304,26.307895695380335,0.32247142383768446,27.936434783997992,268.86480369790166
"(61, 920.3954724102753)",61.44488810457883,26.6037262415587,0.3260975936593001,28.87026308282812,271.2684856850774
"(62, 920.3954724102753)",61.28069481816007,26.90098890457058,0.32974131778323734,29.82060062662391,273.67181532766557
"(63, 920.3954724102753)",61.116532222831644,27.199731037964217,0.33340317664991337,30.787596165581473,276.075178110202
"(64, 920.3954724102753)",60.952323960419555,27.49999860814136,0.3370837336966824,31.771402583351914,278.4789397342255
"(65, 920.3954724102753)",60.78799691106339,27.801836111895014,0.3407835343470325,32.77217672783229,280.883445357148
"(66, 920.3954724102753)",60.62348124317868,28.105286503488937,0.34450310511675325,33.79007923713393,283.2890189436069
"(67, 920.3954724102753)",60.458710451407406,28.410391130661587,0.34824295282950796,34.82527436143227,285.6959627216319
"(68, 920.3954724102753)",60.29362138383456,28.717189678881972,0.35200356393354787,35.87792978142511,288.1045567352932
"(69, 920.3954724102753)",60.12815425883414,29.025720123282362,0.35578540391250824,36.94821642402509,290.51505848670854
"(70, 920.3954724102753)",59.96225267258997,29.336018687658356,0.35958891678285365,38.03630827588617,292.92770265996757
"(71, 920.3954724102753)",59.79586359788154,29.64811981002004,0.36341452467162777,39.14238219528606,295.3427009206124
"(72, 920.3954724102753)",59.628937374854175,29.962056114168142,0.3672626274680352,40.266617722911526,297.7602417841697
"(73, 920.3954724102753)",59.46142769436195,30.277858386844756,0.371133602543365,41.40919689196016,300.18049054826764
"(74, 920.3954724102753)",59.293291574488585,30.595555560012816,0.37502780453378465,42.57030403801592,302.6035892828452
"(75, 920.3954724102753)",59.12448933073496,30.915174697890933,0.37894556518141637,43.75012560908761,305.0296568738409
"(76, 920.3954724102753)",58.95498454037869,31.236740988377306,0.38288719322920994,44.94884997616603,307.458789115877
"(77, 920.3954724102753)",58.78474400141071,31.560277738559304,0.3868529743659107,46.166667244665675,309.89105885016687
"(78, 920.3954724102753)",58.61373768646498,31.885806374014777,0.3908431712174856,47.40376906704995,312.32651614399776
"(79, 920.3954724102753)",58.4419386920785,32.21334644166126,0.3948580233820537,48.660348456962815,314.76518850875
"(80, 920.3954724102753)",58.26932318359872,32.542915615933886,0.3988977475056126,49.93659960514877,317.2070811536742
"(81, 920.3954724102753)",58.09587033604299,32.87452970808879,0.4029625373960713,51.23271769742887,319.65217727287137
"(82, 920.3954724102753)",57.92156227114755,33.20820267847345,0.40705256417365987,52.54889873502917,322.1004383634004
"(83, 920.3954724102753)",57.74638399086187,33.54394665160661,0.41116797645576575,53.88533935749036,324.5518045724911
"(84, 920.3954724102753)",57.57032330750118,33.881771933939405,0.4153089005746562,55.24223666841117,327.0061950721916
"(85, 920.3954724102753)",57.39337077075376,34.22168703418684,0.41947544082667726,56.61978806436655,329.4635084598115
"(86, 920.3954724102753)",57.215519591739614,34.56369868612446,0.4236676797516917,58.018191066976094,331.92362318304737
"(87, 920.3954724102753)",57.03676556428665,34.907811873765965,0.42788567844170244,59.437643158792504,334.3863979881493
"(88, 920.3954724102753)",56.85710698360595,35.2540298588363,0.43212947687760095,60.878341622826234,336.8516723903384
"(89, 920.3954724102753)",56.67654456253459,35.60235421046357,0.43639909429311735,62.34048338618845,339.3192671651415
"(90, 920.3954724102753)",56.49508134548389,35.95278483703148,0.4406945295652562,63.824264868008186,341.7889848598298
"(91, 920.3954724102753)",56.31272262029577,36.30532002010496,0.4450157616301413,65.32988183186033,344.260610323732
"(92, 920.3954724102753)",56.12947582812347,36.65995645038374,0.44936274992372954,66.85752924292896,346.73391125670247
"(93, 920.3954724102753)",55.94535047154139,37.016689265597066,0.4537354348462892,68.40740113013737,349.20863877449466
"(94, 920.3954724102753)",55.760358021017666,37.37551209028485,0.458133738250041,69.97969045345678,351.6845279902751
"(95, 920.3954724102753)",55.574511819947446,37.736417077379414,0.4625575639488384,71.5745889766162,354.16129861102104
"(96, 920.3954724102753)",55.38782698839663,38.09939495152213,0.4670067982491293,73.19228714541188,356.63865554790556
"(97, 920.3954724102753)",55.20032032575939,38.46443505402064,0.4714813105010247,74.83297397184006,359.1162895393663
"(98, 920.3954724102753)",55.01201021238579,38.831525389348705,0.4759809536682675,76.49683692422607,361.5938777855723
"(99, 920.3954724102753)",54.82291651109414,39.20065267323918,0.48050556491775004,78.18406182356003,364.07108459467867
"(100, 920.3954724102753)",54.63306046662894,39.57180238181031,0.48505496622166727,79.8948327462049,366.54756203433664
"(101, 920.3954724102753)",54.44246460678583,39.94495880239387,0.4896289649805609,81.62933193315843,369.022950595879
"(102, 920.3954724102753)",54.251152641877354,40.32010508517388,0.49422735465627665,83.38773970603383,371.4968798609106
"(103, 920.3954724102753)",54.05914936484266,40.6972232959857,0.49884991541916385,85.17023438988431,373.96896917416285
"(104, 920.3954724102753)",53.86648055150645,41.076294469990216,0.5034964148059814,86.97699224304365,376.4388283191875
"(105, 920.3954724102753)",53.673172861264035,41.457298666122966,0.5081666083873199,88.80818739409963,378.906058195675
"(106, 920.3954724102753)",53.47925373839838,41.84021502217831,0.5128602404427947,90.66399178608874,381.3702514967046
"(107, 920.3954724102753)",53.284751314216194,42.225021810390956,0.5175770446423449,92.54457512805679,383.83099338424836
"(108, 920.3954724102753)",53.08969431018661,42.611696493373685,0.5223167447319015,94.45010485403655,386.28786216127907
"(109, 920.3954724102753)",52.8941119422604,43.000215780268256,0.5270790552216496,96.38074608954008,388.7404299387516
"(110, 920.3954724102753)",52.698033826539586,43.3905556829642,0.5318636820751436,98.3366616256106,391.18826329580963
"(111, 920.3954724102753)",52.50148988646968,43.78269157223601,0.5366703233974114,100.31801190049572,393.6309239314399
"(112, 920.3954724102753)",52.30451026169268,44.17659823366072,0.5414986701203721,102.32495498896004,396.0679693060156
"(113, 920.3954724102753)",52.1071252187274,44.57224992316059,0.5463484066836513,104.35764659927128,398.4989532709291
"(114, 920.3954724102753)",51.909365063588524,44.96962042203947,0.5512192117091955,106.41624007786422,400.92342668484036
"(115, 920.3954724102753)",51.71126005647507,45.368683091369135,0.5561107586679214,108.50088642166736,403.34093801493066
"(116, 920.3954724102753)",51.51284032864317,45.76941092558751,0.5610227165366938,110.61173429808714,405.751033921599
"(117, 920.3954724102753)",51.31413580154519,46.17177660518553,0.5659547504441487,112.74893007262503,408.15325982525667
"(118, 920.3954724102753)",51.11517610833231,46.57575254834957,0.5709065223036961,114.91261784406457,410.5471604537532
"(119, 920.3954724102753)",50.915990517777,46.981310961447896,0.5758776914323674,117.10293948721483,412.9322803692177
"(120, 920.3954724102753)",50.716607860682366,47.38842388824306,0.5808679151540388,119.32003470311356,415.30816447305966
"(17, 920.5241835432247)",70.078444482358,14.379108629486266,0.17625323161370857,2.123684071281413,160.12167805678254
"(18, 920.5241835432247)",69.83017313660677,14.639426550539362,0.17944410220345372,2.4175940131992806,162.7650416592819
"(19, 920.5241835432247)",69.58340188315407,14.90237797753518,0.18266725323177302,2.726436295558266,165.42318784570304
"(20, 920.5241835432247)",69.3386099287865,15.167483758996804,0.18591681145586733,3.0501182136951157,168.09080285867682
"(21, 920.5241835432247)",69.09615958294962,15.434356491209059,0.18918802823946834,3.388558948866174,170.76359628242295
"(22, 920.5241835432247)",68.85632021166464,15.702683035989947,0.19247706526283362,3.7416882511090868,173.43810510075681
"(23, 920.5241835432247)",68.61928745819499,15.97221034751863,0.19578082079380407,4.10944531003358,176.1115349046053
"(24, 920.5241835432247)",68.3851985507681,16.242734065390184,0.19909678986613055,4.491777788018068,178.7816321495787
"(25, 920.5241835432247)",68.15414442887987,16.514089377925288,0.20242295228566934,4.888640994436007,181.44658188873888
"(26, 920.5241835432247)",67.92617930984349,16.786143727658917,0.20575768321723667,5.299997183545288,184.10492616774698
"(27, 920.5241835432247)",67.70132820903419,17.058791001406483,0.2090996819688243,5.725814961980667,186.7554990615193
"(28, 920.5241835432247)",67.47959283212468,17.331946910985724,0.21244791537037255,6.166068794465681,189.3973750473066
"(29, 920.5241835432247)",67.26095617750491,17.605545325186462,0.21580157281255716,6.620738598278783,192.02982802234416
"(30, 920.5241835432247)",67.04538612120437,17.879535358926717,0.21916003056685987,7.089809418279079,194.65229878458774
"(31, 920.5241835432247)",66.83283820360839,18.15387906238643,0.22252282345991084,7.573271175051807,197.26436921011575
"(32, 920.5241835432247)",66.62325779440144,18.42854958290339,0.2258896223427616,8.071118479197322,199.86574169876067
"(33, 920.5241835432247)",66.41658177685085,18.703529697203514,0.22926021609956193,8.583350504804951,202.45622273918758
"(34, 920.5241835432247)",66.21273986518423,18.978810630969782,0.23263449717832474,9.109970915279076,205.03570966378692
"(35, 920.5241835432247)",66.01165564487904,19.25439109964728,0.23601244983350536,9.650987834552497,207.60417985447128
"(36, 920.5241835432247)",65.81324740719253,19.53027651760131,0.2393941404321635,10.206413856786776,210.1616818095626
"(37, 920.5241835432247)",65.61742883345627,19.8064783340137,0.2427797093137027,10.776266087622052,212.70832760923557
"(38, 920.5241835432247)",65.42410957229073,20.083013462904866,0.24616936380326054,11.360566210471706,215.24428641787978
"(39, 920.5241835432247)",65.23319574081872,20.359903782725542,0.24956337207793652,11.959340570801393,217.76977875353512
"(40, 920.5241835432247)",65.04459037663312,20.637175685872723,0.25296205764493973,12.572620273684104,220.28507130733814
"(41, 920.5241835432247)",64.85819385418004,20.91485966525687,0.25636579427388745,13.200441287471183,222.79047217490935
"(42, 920.5241835432247)",64.67390427971529,21.192989927341166,0.25977500125361563,13.842844549680164,225.28632638424452
"(43, 920.5241835432247)",64.49161787058418,21.471604025270366,0.2631901388952165,14.499876069686987,227.77301165346003
"(44, 920.5241835432247)",64.3112293293167,21.750742506279582,0.2666117042100957,15.171587027860364,230.25093431320573
"(45, 920.5241835432247)",64.13263220244353,22.030448573596992,0.27004022676577416,15.858033861134155,232.72052540625734
"(46, 920.5241835432247)",63.95571923209279,22.310767759434466,0.2734762646774558,16.55927833596725,235.18223692469854
"(47, 920.5241835432247)",63.78038271169884,22.591747606444077,0.2769204007035387,17.27538761509514,237.63653814899243
"(48, 920.5241835432247)",63.60651481802627,22.873437363248307,0.28037323851349066,18.0064342996482,240.0839121703526
"(49, 920.5241835432247)",63.43400793972477,23.155887689903913,0.28383539907754923,18.752496459276845,242.52485253724953
"(50, 920.5241835432247)",63.262754992102785,23.439150375782624,0.28730751720866865,19.51365764440186,244.95986005993882
"(51, 920.5241835432247)",63.09264971784565,23.72327807028336,0.29079023826162353,20.29000688123436,247.38943977688643
"(52, 920.5241835432247)",62.92358697225819,24.008324026991495,0.29428421499709795,21.08163864975057,249.8140980901118
"(53, 920.5241835432247)",62.75546299183129,24.294341861817596,0.29779010461698013,21.88865284497756,252.23434007481956
"(54, 920.5241835432247)",62.588175645215344,24.58138532549228,0.3013085659757353,22.71115472222103,254.65066696717253
"(55, 920.5241835432247)",62.421624665962064,24.869508090641734,0.30484025697047423,23.549254826998688,257.06357383185394
"(56, 920.5241835432247)",62.25571186671252,25.15876355349264,0.30838583211028403,24.40306891054067,259.4735474090765
"(57, 920.5241835432247)",62.09034133472787,25.44920465011401,0.3119459402638576,25.27271783186101,261.88106413915
"(58, 920.5241835432247)",61.92541960890568,25.74088368696772,0.3155212225824023,26.158327447373342,264.2865883608526
"(59, 920.5241835432247)",61.76085583865332,26.033852185391844,0.31911231059340567,27.060028489115798,266.69057067847086
"(60, 920.5241835432247)",61.59656192511133,26.328160739570407,0.32271982445967984,27.97795643261194,269.09344649134766
"(61, 920.5241835432247)",61.43245264536156,26.62385888745322,0.32634437139714784,28.91225135539653,271.49563467888987
"(62, 920.5241835432247)",61.26844576038538,26.92099499401263,0.3299865442438608,29.863057787192535,273.89753643313765
"(63, 920.5241835432247)",61.10446210757278,27.219616146201847,0.33364692017242126,30.830524552691813,276.2995342307377
"(64, 920.5241835432247)",60.94042567863338,27.519768058947395,0.33732605953770456,31.814804607868247,278.70199093593044
"(65, 920.5241835432247)",60.77626368379737,27.821494991489153,0.3410245048513687,32.81605487063672,281.1052490259019
"(66, 920.5241835432247)",60.61190660325349,28.124839673393364,0.34474277987495505,33.834436046697576,283.50962993011706
"(67, 920.5241835432247)",60.447288226463534,28.42984323957653,0.3484813888234426,34.87011245129164,285.9154334754169
"(68, 920.5241835432247)",60.28234568060481,28.736545173680934,0.35224081567117393,35.92325182756745,288.3229374287394
"(69, 920.5241835432247)",60.11701944853537,29.044983259204464,0.3560215235527989,36.994025162200586,290.73239713005455
"(70, 920.5241835432247)",59.95125337733875,29.355193537767867,0.35982395425176994,38.082606498852506,293.14404520805266
"(71, 920.5241835432247)",59.784994678036426,29.667210274003484,0.3636485277699269,39.189172749996125,295.55809137211156
"(72, 920.5241835432247)",59.61819391720752,29.981065926523875,0.3674956419716774,40.313903507655,297.9747222740166
"(73, 920.5241835432247)",59.45080500111942,30.296791124514137,0.37136567229702944,41.456980853478186,300.3941014337256
"(74, 920.5241835432247)",59.2827851529541,30.614414649506863,0.3752589715382436,42.61858916857568,302.81636922393625
"(75, 920.5241835432247)",59.114094883657046,30.93396342194937,0.37917586967514794,43.79891494353743,305.24164290847034
"(76, 920.5241835432247)",58.94469795688348,31.255462492208075,0.3831166737648856,44.99814658898983,307.6700167302275
"(77, 920.5241835432247)",58.774561348511725,31.578935035675205,0.3870816678819393,46.21647424701277,310.1015620445591
"(78, 920.5241835432247)",58.60365520105928,31.904402351721718,0.39107111310528264,47.45408960377261,312.5363274948078
"(79, 920.5241835432247)",58.43195277341865,32.23188386621293,0.3950852475492269,48.711185703658586,314.97433922656637
"(80, 920.5241835432247)",58.25943038619769,32.56139713738195,0.3991242864354091,49.98795676520379,317.4156011380233
"(81, 920.5241835432247)",58.0860673629709,32.892957864856875,0.40318842220345036,51.2845979990918,319.8600951638203
"(82, 920.5241835432247)",57.91184596770178,33.22657990167142,0.4072778246581718,52.60130542848493,322.3077815902393
"(83, 920.5241835432247)",57.73675133856688,33.562275269112654,0.4113926411515897,53.938275711974285,324.75859939978363
"(84, 920.5241835432247)",57.56077141842695,33.900054174262095,0.41553299679793754,55.29570596933809,327.2124666433528
"(85, 920.5241835432247)",57.38389688212098,34.23992503012811,0.41969899472042604,56.673793610501306,329.66928083843106
"(86, 920.5241835432247)",57.20612106078676,34.58189447826065,0.4238907163284643,58.07273616763411,332.12891939217815
"(87, 920.5241835432247)",57.02743986339176,34.925967413756396,0.42810822162413814,59.492731131082174,334.59124004761946
"(88, 920.5241835432247)",56.8478516956325,35.27214701257761,0.4323515495371005,60.933975788933886,337.0560813523536
"(89, 920.5241835432247)",56.6673573763813,35.62043476110499,0.4366207182867882,62.39666707071049,339.52326314829156
"(90, 920.5241835432247)",56.48596005184893,35.97083048784875,0.44091572577115956,63.88100139533546,341.9925870815295
"(91, 920.5241835432247)",56.303665107602995,36.32333239726337,0.4452365499811471,65.3871745236087,344.46383713138886
"(92, 920.5241835432247)",56.120480078631566,36.6779371055828,0.4495831494399321,66.9153814154379,346.9367801575472
"(93, 920.5241835432247)",55.9364145575995,37.03463967861755,0.45395546366623757,68.46581609201554,349.41116646433375
"(94, 920.5241835432247)",55.75148010147578,37.39343367143771,0.4583534136607501,70.0386715032013,351.8867303811106
"(95, 920.5241835432247)",55.5656901366976,37.75431116987062,0.46277690241477704,71.63413940029007,354.3631908577351
"(96, 920.5241835432247)",55.37905986304701,38.11726283373484,0.46722581544019726,73.25241021439487,356.8402520740101
"(97, 920.5241835432247)",55.19160615642026,38.48227794172766,0.47170002131966443,74.89367294064347,359.31760406196236
"(98, 920.5241835432247)",55.00334747057775,38.84934443785146,0.4761993722756955,76.55811502839158,361.7949233394891
"(99, 920.5241835432247)",54.81430373875034,39.21844897945009,0.4807237047594678,78.24592227762211,364.2718735559612
"(100, 920.5241835432247)",54.62449627320636,39.58957698627166,0.48527284005221494,79.95727874174015,366.74810614302686
"(101, 920.5241835432247)",54.433947666467056,39.962712691244704,0.48984658488763,81.69236663691403,369.22326097820854
"(102, 920.5241835432247)",54.242681690859314,40.337839192067584,0.4944447320842065,83.45136625812633,371.6969670509363
"(103, 920.5241835432247)",54.05072319872012,40.71493850395576,0.49906706119182104,85.23445590209764,374.16884313481995
"(104, 920.5241835432247)",53.8580980227239,41.09399161327824,0.5037133391491553,87.04181179720713,376.6384984629005
"(105, 920.5241835432247)",53.664832876657336,41.47497853195877,0.5083833209505519,88.87360804053841,379.10553340446154
"(106, 920.5241835432247)",53.47095525680349,41.8578783525249,0.513076750320761,90.73001654218093,381.56954014184856
"(107, 920.5241835432247)",53.27649334416076,42.24266930364623,0.517793360395727,92.61120697686681,384.03010334551254
"(108, 920.5241835432247)",53.08147590764219,42.62932880604112,0.5225328744078457,94.5173467430365,386.48680084574
"(109, 920.5241835432247)",52.88593220846767,43.01783352858989,0.5272950063738018,96.44860092942893,388.9392042992344
"(110, 920.5241835432247)",52.68989190590398,43.408159444518375,0.5320794617832216,98.40513228920844,391.3868798489101
"(111, 920.5241835432247)",52.49338496451512,43.80028188750515,0.5368859382864267,100.38710122173457,393.8293887752165
"(112, 920.5241835432247)",52.29644156308787,44.194175607562286,0.5417141263793971,102.39466576196592,396.26628813725983
"(113, 920.5241835432247)",52.099092005370835,44.58981482654828,0.5465637100842179,104.42798157752624,398.69713140210416
"(114, 920.5241835432247)",51.90136663275523,44.98717329317247,0.5514343676233068,106.48720197346036,401.12146906065857
"(115, 920.5241835432247)",51.70329573902632,45.386224337348686,0.5563257720856573,108.57247790464304,403.5388492285607
"(116, 920.5241835432247)",51.50490948729753,45.786940923761286,0.5612375920834284,110.68395799585255,405.9488182305108
"(117, 920.5241835432247)",51.30623782920816,46.1892957045208,0.5661694923973777,112.82178856946358,408.3509211667145
"(118, 920.5241835432247)",51.10731042648381,46.59326107077463,0.5711211346094867,114.98611368072567,410.7447024599522
"(119, 920.5241835432247)",50.90815657492046,46.99880920316027,0.5760921777213871,117.17707516057573,413.12970638204246
"(120, 920.5241835432247)",50.70880513084744,47.40591212098684,0.5810822787572157,119.39481266592745,415.5054775584951
"(17, 920.6698729810778)",70.0261225829321,14.429325578191804,0.17686877042902732,2.149407184335804,160.68834122087617
"(18, 920.6698729810778)",69.78069175997628,14.687588842655055,0.18003445587877873,2.4437801617948836,163.30851946433776
"(19, 920.6698729810778)",69.53650835950569,14.948669084616101,0.1832346706863758,2.753090347504743,165.94555063905048
"(20, 920.6698729810778)",69.29407809347293,15.212067898066056,0.18646330559484056,3.077244163721671,168.59390371391208
"(21, 920.6698729810778)",69.05378733437719,15.477380397242236,0.18971539768011922,3.416160084104236,171.24909100060577
"(22, 920.6698729810778)",68.81592702232598,15.744277769822911,0.19298691649527686,3.7697672853564392,173.90747261135996
"(23, 920.6698729810778)",68.58071199008052,16.012493028626547,0.19627458942065482,4.138004492649413,176.56609681867806
"(24, 920.6698729810778)",68.34829645120234,16.28180947389799,0.1995757602393011,4.520818992305333,179.22257083731404
"(25, 920.6698729810778)",68.11878633788042,16.552051403056826,0.2028882752608588,4.918165789598771,181.87495682416608
"(26, 920.6698729810778)",67.89224908386181,16.82307665897852,0.20621039198144359,5.330006893431359,184.52168849950257
"(27, 920.6698729810778)",67.66872135193267,17.09477066946194,0.2095407060218833,5.756310713353207,187.16150448417946
"(28, 920.6698729810778)",67.44821511710937,17.367041689168616,0.21287809280534983,6.1970515568689315,189.7933951066866
"(29, 920.6698729810778)",67.23072244083714,17.639817006733896,0.2162216610656727,6.652209217261059,192.41656001182946
"(30, 920.6698729810778)",67.01621920837835,17.913039923121772,0.21957071580927387,7.121768643296283,195.03037439119223
"(31, 920.6698729810778)",66.8046680492955,18.18666734353679,0.22292472879776765,7.605719683186062,197.63436206339588
"(32, 920.6698729810778)",66.59602061932692,18.46066785435603,0.22628331497582152,8.104056895483984,200.22817396104284
"(33, 920.6698729810778)",66.3902193861944,18.735020181573212,0.22964621357536052,8.616779419891131,202.81157086312152
"(34, 920.6698729810778)",66.18719903525175,19.009711946232308,0.23301327286021714,9.14389090091562,205.3844094262057
"(35, 920.6698729810778)",65.98688758622232,19.28473864967304,0.23638443768764478,9.685399457319102,207.9466307632683
"(36, 920.6698729810778)",65.78920729403595,19.560102834495307,0.23975973922379676,10.241317690353458,210.49825096679584
"(37, 920.6698729810778)",65.59407539063811,19.83581337864652,0.2431392862909215,10.81166272381098,213.03935310236162
"(38, 920.6698729810778)",65.40140471214274,20.111884889132156,0.24652325793571286,11.396456269243524,215.57008030131072
"(39, 920.6698729810778)",65.21110424338369,20.388337170075715,0.24991189690901805,11.995724709326899,218.09062967435898
"(40, 920.6698729810778)",65.02307960764925,20.665194744756736,0.2533055038071685,12.60949919459112,220.6012468209626
"(41, 920.6698729810778)",64.83723351590253,20.942486418263638,0.2567044317111514,13.237815746335794,223.10222079084974
"(42, 920.6698729810778)",64.65346619040228,21.220244869651275,0.26010908118745435,13.88071536180103,225.59387937627739
"(43, 920.6698729810778)",64.47167576900824,21.4985062668255,0.2635198955674836,14.538244116170883,228.07658466393116
"(44, 920.6698729810778)",64.29175870115577,21.777309897998993,0.26693735643005634,15.210453261115312,230.55072877724933
"(45, 920.6698729810778)",64.113610125816,22.056697819613902,0.27036197928584915,15.897399309690552,233.01672981832496
"(46, 920.6698729810778)",63.93712423987499,22.336714517068792,0.27379430941867866,16.599144108723323,235.4750279667135
"(47, 920.6698729810778)",63.762194668600195,22.61740657540991,0.2772349178489767,17.315754904997267,237.92608169693966
"(48, 920.6698729810778)",63.58871481059855,22.898822365390906,0.28068439748567464,18.04730438680698,240.3703641940994
"(49, 920.6698729810778)",63.4165781777796,23.181011740598205,0.28414335941363233,18.793870713551332,242.8083599062143
"(50, 920.6698729810778)",63.245678720177835,23.46402574798052,0.2876124293454626,19.555537527470243,245.24056126579603
"(51, 920.6698729810778)",63.07591113552407,23.74791635207834,0.2910922442412557,20.332393948186848,247.6674655831869
"(52, 920.6698729810778)",62.90717116234163,24.03273617344173,0.2945834491021664,21.124534550209326,250.08957211701002
"(53, 920.6698729810778)",62.73935585545145,24.318538241688668,0.29808669394358217,21.932059323788557,252.50737932659865
"(54, 920.6698729810778)",62.572363843089235,24.6053757635065,0.30160263095130446,22.75507361973295,254.92138230896342
"(55, 920.6698729810778)",62.40609556512044,24.8933019057264,0.3051319118225993,23.593688078953452,257.3320704212325
"(56, 920.6698729810778)",62.240453492094815,25.182369593471407,0.30867518529197774,24.448018547618283,259.73992508755754
"(57, 920.6698729810778)",62.07534232509694,25.472631323242986,0.3122330948400773,25.31818597888145,262.1454177880213
"(58, 920.6698729810778)",61.910669176648945,25.764138990637747,0.315806276581896,26.20431632219586,264.5490082250854
"(59, 920.6698729810778)",61.7463437330349,26.056943732314533,0.31939535732967883,27.106540401264528,266.9511426621968
"(60, 920.6698729810778)",61.58227839862569,26.351095781706107,0.32300095282429353,28.024993781638592,269.3522524278709
"(61, 920.6698729810778)",61.41838842287389,26.646644337913102,0.32662366612819216,28.95981662901585,271.75275257784074
"(62, 920.6698729810778)",61.25459201078008,26.94363744714081,0.3302640861721108,29.911153559203637,274.1530407070853
"(63, 920.6698729810778)",61.090810417649244,27.242121896026514,0.3339227864474935,30.879153480713835,276.55349590338756
"(64, 920.6698729810778)",60.92696802905322,27.542143116149266,0.3376003238360744,31.863969430906437,278.9544778336229
"(65, 920.6698729810778)",60.76299242685641,27.843745099048753,0.34129723756812863,32.865758406493406,281.35632595414836
"(66, 920.6698729810778)",60.598814442335105,28.14697032102667,0.34501404830080523,33.884681189255126,283.7593588365347
"(67, 920.6698729810778)",60.43436819700222,28.451859677082084,0.3487512573082668,34.920902167678406,286.1638736003148
"(68, 920.6698729810778)",60.269591132421766,28.75845242330005,0.35250934577554816,35.97458915521758,288.5701454445992
"(69, 920.6698729810778)",60.10442402944361,29.06678612707244,0.3562887741883724,37.04591320582854,290.97842727076414
"(70, 920.6698729810778)",59.938811017863316,29.37689662456138,0.36008998181174356,38.13504842735416,293.3889493890224
"(71, 920.6698729810778)",59.772699577205174,29.68881798482587,0.3639133862502665,39.24217179327951,295.8019193018672
"(72, 920.6698729810778)",59.60604052927794,30.002582480120154,0.36775938308402284,40.36746295342835,298.21752155813846
"(73, 920.6698729810778)",59.43878802318418,30.318220561858222,0.3716283455739931,41.5111040439881,300.6359176717882
"(74, 920.6698729810778)",59.2708995133485,30.635760841819597,0.3755206244316694,42.673279497313835,303.0572460999662
"(75, 920.6698729810778)",59.10233573109027,30.95523007819934,0.37943654764805124,43.85417585193024,305.4816222755797
"(76, 920.6698729810778)",58.93306065026687,31.27665316612198,0.38337642037739855,45.053981563052886,307.90913868974695
"(77, 920.6698729810778)",58.76304144737579,31.600053132325392,0.3873405248720394,46.272886814020026,310.33986502034446
"(78, 920.6698729810778)",58.5922484565659,31.925451133697077,0.39132912046445006,47.51108332890574,312.7738483028964
"(79, 920.6698729810778)",58.4206551198844,32.252866459426585,0.39534244359363396,48.76876418666799,315.2111131407119
"(80, 920.6698729810778)",58.24823793310918,32.582316536534506,0.3993807078728655,50.046123637079994,317.651661951324
"(81, 920.6698729810778)",58.07497638743629,32.91381693859035,0.4034441041965942,51.343356918745,320.0954752468981
"(82, 920.6698729810778)",57.90085290731981,33.24738139743211,0.4075328008840764,52.66066007946071,322.54251194610475
"(83, 920.6698729810778)",57.725852784677194,33.58302181774826,0.4116469438581128,53.998229799178056,324.99270971571946
"(84, 920.6698729810778)",57.549964109704604,33.92074829437764,0.4157866568571069,55.3562632158052,327.44598534005445
"(85, 920.6698729810778)",57.37317769850064,34.26056913221422,0.41995204167905614,56.73495775419273,329.9022351166082
"(86, 920.6698729810778)",57.19548701768483,34.60249086861658,0.4241431784562171,58.13451095827851,332.3613352767975
"(87, 920.6698729810778)",57.01688810619794,34.94651829822528,0.4283601259593429,59.55512032706088,334.82314243008585
"(88, 920.6698729810778)",56.837379494470675,35.29265450010154,0.4326029219303072,60.99698315421305,337.287494030606
"(89, 920.6698729810778)",56.656962121101934,35.64090086712162,0.4368715834424055,62.46029637182808,339.7542088651337
"(90, 920.6698729810778)",56.47563924723476,35.99125713754288,0.441166107287316,63.945256398441174,342.2230875613286
"(91, 920.6698729810778)",56.29341636879184,36.3437214286765,0.4454864703878024,65.45205899156925,344.69391311515744
"(92, 920.6698729810778)",56.11030112671704,36.698290272602684,0.4498326302355309,66.9808991049988,347.1664514366916
"(93, 920.6698729810778)",55.92630321541649,37.05495865384927,0.4542045253528833,68.53197075104278,349.640451913027
"(94, 920.6698729810778)",55.741434289548664,37.41372004896871,0.4586020757781118,70.10546686797869,352.11564798751414
"(95, 920.6698729810778)",55.55570786933761,37.7745664679404,0.4630251835728204,71.70157919290021,354.5917577541286
"(96, 920.6698729810778)",55.36913924459892,38.13748849731265,0.4674737333507554,73.32049814017637,357.06848456585385
"(97, 920.6698729810778)",55.18174537763933,38.50247534500782,0.4719475928270545,74.96241268572675,359.54551765608295
"(98, 920.6698729810778)",54.99354480513423,38.86951488667283,0.4764466133863597,76.62751025731399,362.0225327713705
"(99, 920.6698729810778)",54.804557539851324,39.23859371364512,0.4809706306707562,78.31597663103496,364.499192816239
"(100, 920.6698729810778)",54.61480497033135,39.60969718194807,0.48551946518038186,80.02799583420199,366.975148503261
"(101, 920.6698729810778)",54.42430976221177,39.982809463006646,0.49009292289503215,81.7637500547709,369.4500390159235
"(102, 920.6698729810778)",54.23309575787375,40.35791359518204,0.49469079590588033,83.52341955748635,371.92349267408883
"(103, 920.6698729810778)",54.041187876750904,40.734991536462694,0.4993128630613279,85.30718260690298,374.3951276055881
"(104, 920.6698729810778)",53.84861201574257,41.11402421805264,0.503958890623878,87.11521539739165,376.8645524209789
"(105, 920.6698729810778)",53.65539495007816,41.49499159872632,0.5086286329363755,88.94769199029903,379.33136688977305
"(106, 920.6698729810778)",53.46156423478999,41.877872719829504,0.5133218330962183,90.80478425832827,381.795162616781
"(107, 920.6698729810778)",53.26714810700908,42.262645760778554,0.5180382236356172,92.68666183728924,384.2555237166576
"(108, 920.6698729810778)",53.07217538924787,42.64928809492382,0.5227775272063562,94.59349208526064,386.71202748517726
"(109, 920.6698729810778)",52.8766753938692,43.0377763456238,0.5275394572671271,96.52544004927199,389.1642450653606
"(110, 920.6698729810778)",52.680677828900755,43.42808644239063,0.5323237187717328,98.48266843954218,391.61174210684396
"(111, 920.6698729810778)",52.48421270536161,43.820193676958695,0.5371300088563679,100.46533761134778,394.0540794167696
"(112, 920.6698729810778)",52.287310246259636,44.21407275912943,0.5419580175241133,102.4736055545169,396.49081360048524
"(113, 920.6698729810778)",52.090000797399554,44.60969787224788,0.5468074283249785,104.50762789060506,398.92149769046273
"(114, 920.6698729810778)",51.89231474013775,45.00704272816993,0.5516779190296505,106.56755787774291,401.3456817617507
"(115, 920.6698729810778)",51.6942824062014,45.406080621580735,0.5565691622952949,108.6535464231475,403.7629135324465
"(116, 920.6698729810778)",51.495933994689906,45.80678448352479,0.5614808263217357,110.76574210328862,406.17273894765435
"(117, 920.6698729810778)",51.2972994913405,46.20912693402575,0.5664125754964228,112.90429119167307,408.5747027455036
"(118, 920.6698729810778)",51.0984085901591,46.61308033365954,0.571364071026596,115.06933769422,410.96834900378764
"(119, 920.6698729810778)",50.89929061746234,47.0186168339741,0.5763349715573263,117.26102339215915,413.35322166607756
"(120, 920.6698729810778)",50.69997445841418,47.42570842663099,0.5813249337738593,119.479487892414,415.72886504589843
"(17, 920.8319880738944)",69.96839323123939,14.484891034481146,0.17754986906243067,2.1781355437265355,161.31546336729116
"(18, 920.8319880738944)",69.7260544498299,14.740914569683705,0.18068810082709627,2.4730194932507543,163.9103636126606
"(19, 920.8319880738944)",69.48469375463841,14.999951021265174,0.18386326368825825,2.782846444837326,166.5243281909762
"(20, 920.8319880738944)",69.24484404821915,15.26148218378272,0.18706900569558083,3.10752181039123,169.15160261127713
"(21, 920.8319880738944)",69.00691665610431,15.525085001581777,0.190300141205907,3.446963240731128,171.78749411664705
"(22, 920.8319880738944)",68.77122508084106,15.790414234276193,0.1935524384038067,3.801099242678941,174.42817740924838
"(23, 920.8319880738944)",68.53800436167037,16.057188183505986,0.19682244434601634,4.169867996105253,177.07053472860042
"(24, 920.8319880738944)",68.30742669897617,16.32517705595754,0.20010734232009822,4.553216343607049,179.71202551319234
"(25, 920.8319880738944)",68.07961397693893,16.59419353838279,0.20340483631688103,4.951098929683762,182.35058087983487
"(26, 920.8319880738944)",67.854647748107,16.86408519887565,0.20671305788841218,5.363477470476518,184.9845185857441
"(27, 920.8319880738944)",67.6325771609061,17.134728380502334,0.21003049129858206,5.790320138777313,187.61247471983282
"(28, 920.8319880738944)",67.4134252316744,17.406023305585936,0.21335591351344105,6.231601051759323,190.23334895614445
"(29, 920.8319880738944)",67.19719379172244,17.677890156832618,0.21668834616525523,6.68729985111693,192.84626074067927
"(30, 920.8319880738944)",66.98386737991825,17.950265942589915,0.22002701712811376,7.157401366667929,195.4505142453819
"(31, 920.8319880738944)",66.77341630096488,18.223101988373415,0.2233713297700967,7.641895355415549,198.04557031549209
"(32, 920.8319880738944)",66.56579902842185,18.496361925543017,0.22672083829929363,8.140776308547654,200.6310239603708
"(33, 920.8319880738944)",66.36096409671389,18.770020072402367,0.2300752279199736,8.654043319095253,203.20658621300842
"(34, 920.8319880738944)",66.15885159936838,19.044060122192924,0.23343429875056168,9.181700003047807,205.77206940006732
"(35, 920.8319880738944)",65.95939438651008,19.318474069527763,0.23679795266429932,9.723754466737432,208.32737505695727
"(36, 920.8319880738944)",65.76251903595312,19.593261320182393,0.24016618237742815,10.280219313337163,210.87248387338752
"(37, 920.8319880738944)",65.56814665621086,19.868427940602167,0.24353906224994956,10.85111168147889,213.4074471837941
"(38, 920.8319880738944)",65.37619356689979,20.143986012807808,0.2469167403783343,11.436453309224227,215.932379622083
"(39, 920.8319880738944)",65.186571889722,20.419953068612998,0.2502994316603823,12.03627061634146,218.44745265325426
"(40, 920.8319880738944)",64.99919007869161,20.696351582139425,0.2536874115746858,12.650594800050285,220.95288874958788
"(41, 920.8319880738944)",64.81395340465825,20.973208506708037,0.2570810105040209,13.279461937044141,223.44895606141915
"(42, 920.8319880738944)",64.63076440984052,21.250554844438405,0.2604806084596938,13.922913087829745,225.9359634548078
"(43, 920.8319880738944)",64.44952333910592,21.528425241425015,0.26388663011936103,14.580994397945227,228.41425584098644
"(44, 920.8319880738944)",64.27012855962201,21.80685760190017,0.2672995400975847,15.253757195757354,230.88420972353921
"(45, 920.8319880738944)",64.09247695954059,22.085892720994764,0.27071983844440695,15.94125807664535,233.3462289691614
"(46, 920.8319880738944)",63.91646433455825,22.365573932153467,0.27414805632346106,16.643558974672775,235.80074075625387
"(47, 920.8319880738944)",63.74198577440946,22.64594676611359,0.2775847518318766,17.36072722815595,238.24819166018955
"(48, 920.8319880738944)",63.56893602188116,22.92705862665555,0.2810305060258428,18.092835620540676,240.6890439526487
"(49, 920.8319880738944)",63.39720982517381,23.20895847864865,0.28448591909666804,18.839962409408685,243.1237720514052
"(50, 920.8319880738944)",63.22670227364911,23.491696550568967,0.28795160672448,19.602191337625108,245.55285915155
"(51, 920.8319880738944)",63.05730911709038,23.77532405163344,0.2914281966109121,20.37961162731922,247.9767940386968
"(52, 920.8319880738944)",62.888927067319024,24.059892903965768,0.29491632519610694,21.1723179568718,250.3960680889065
"(53, 920.8319880738944)",62.72145408127958,24.34545549010162,0.29841663456376755,21.9804104212629,252.81117245841202
"(54, 920.8319880738944)",62.55478962487624,24.63206441606565,0.30192976953702433,22.803994476439307,255.2225954650316
"(55, 920.8319880738944)",62.38883491715853,24.919772290073276,0.30545637496585937,23.643180868399472,257.6308201612578
"(56, 920.8319880738944)",62.223493154691,25.2086315167881,0.30899709320520324,24.49808554796742,260.03632209723435
"(57, 920.8319880738944)",62.05866971613825,25.49869410694405,0.31255256178135715,25.368829572128547,262.43956727058725
"(58, 920.8319880738944)",61.89427234741135,25.790011501963253,0.3161234112422279,26.255538993012333,264.84101025786975
"(59, 920.8319880738944)",61.73021132777309,26.082634413161028,0.319710263186378,27.15834473551025,267.2410925220302
"(60, 920.8319880738944)",61.566399617565125,26.376612674978215,0.3233137284639973,28.077382464599268,269.64024088848663
"(61, 920.8319880738944)",61.40275298824817,26.671995111656454,0.326934405542665,29.01279244336952,272.0388661822396
"(62, 920.8319880738944)",61.23919013562031,26.968829416675028,0.3305728790295436,29.96471938275123,274.43736201733435
"(63, 920.8319880738944)",61.07563277704197,27.267162044284312,0.33422971834183113,30.933312283902595,276.83610373018354
"(64, 920.8319880738944)",60.912005733632455,27.567038112397082,0.3379054765164435,31.918724274141184,279.23544744755213
"(65, 920.8319880738944)",60.74823699833146,27.8685013161347,0.3416006891503076,32.92111243731153,281.6357292803786
"(66, 920.8319880738944)",60.58425779082741,28.17159385131942,0.34531587346255116,33.94063763931269,284.03726463468166
"(67, 920.8319880738944)",60.4200026000655,28.47635634719669,0.3490515274698424,34.977464349635405,286.4403476306491
"(68, 920.8319880738944)",60.25540921556277,28.782827807742482,0.3528081292669737,36.03176045949517,288.84525062204375
"(69, 920.8319880738944)",60.090418748023986,29.09104556089235,0.3565861364044864,37.10369709725278,291.25222380767934
"(70, 920.8319880738944)",59.924975640259085,29.401045215100204,0.36038598535626587,38.19344844174154,293.66149492783813
"(71, 920.8319880738944)",59.75902766910697,29.712860622649206,0.36420809106974117,39.30119153392944,296.0732690384183
"(72, 920.8319880738944)",59.59252593904744,30.026523849193627,0.36805284659259624,40.42710608756741,298.48772835654904
"(73, 920.8319880738944)",59.42542486817234,30.34206514903853,0.3719206227697018,41.57137429915339,300.905032171552
"(74, 920.8319880738944)",59.257682167077185,30.659512945724206,0.375811768005214,42.734180657713274,303.3253168160931
"(75, 920.8319880738944)",59.08925881126669,30.97889381749008,0.37972660808430514,43.9157117547643,305.74869569206294
"(76, 920.8319880738944)",58.92011900752209,31.300232487269565,0.38366544605059166,45.11615609482125,308.17525934720254
"(77, 920.8319880738944)",58.75023015469228,31.62355181688694,0.3876285621349423,46.335703906816335,310.6050755981277
"(78, 920.8319880738944)",58.579562799331136,31.94887280514867,0.3916162137321625,47.5745469567093,313.038189696249
"(79, 920.8319880738944)",58.408090586527315,32.27621458958673,0.39562863542226795,48.832878361636645,315.47462453321236
"(80, 920.8319880738944)",58.235790206260404,32.605594451613534,0.39966603903376446,50.110892405854074,317.91438088322593
"(81, 920.8319880738944)",58.062641335589824,32.93702782489232,0.4037286137461597,51.40878435877685,320.3574376794168
"(82, 920.8319880738944)",57.8886265769422,33.27052830673872,0.4078165262298097,52.7267502953544,322.8037523222308
"(83, 920.8319880738944)",57.713731392733465,33.60610767241303,0.4119299208210166,54.06498691906391,325.25326101767473
"(84, 920.8319880738944)",57.537944036579354,33.94377589214449,0.41606891973078647,55.42369138775118,327.70587914370657
"(85, 920.8319880738944)",57.36125548126471,34.2835411507953,0.4202336232858083,56.80306114264983,330.16150164311705
"(86, 920.8319880738944)",57.18365934369721,34.62540987003832,0.4244241102003217,58.20329374057425,332.62000344168166
"(87, 920.8319880738944)",57.005151807021356,34.96938673296144,0.4286404378777008,59.624586689939605,335.0812398898483
"(88, 920.8319880738944)",56.825731540054704,35.31547471101969,0.43288264274082594,61.06713729042896,337.54504722728717
"(89, 920.8319880738944)",56.645399614238784,35.66367509324646,0.43715074059014275,62.53114247680112,340.01124306879535
"(90, 920.8319880738944)",56.46415941826014,36.01398751765605,0.4414447269885771,64.01679866697059,342.47962691065845
"(91, 920.8319880738944)",56.282016570496936,36.366410004771744,0.4457645776725127,65.52430161461876,344.9499806564811
"(92, 920.8319880738944)",56.09897882948993,36.72093899319364,0.45011024898776913,67.05384626654858,347.42206916129453
"(93, 920.8319880738944)",55.91505600256075,37.077569377158156,0.4544816783499771,68.60562662501258,349.8956407931571
"(94, 920.8319880738944)",55.730259852794106,37.43629454599258,0.45887878472822935,70.17983561524271,352.37042801098534
"(95, 920.8319880738944)",55.54460400451669,37.797106425412515,0.4633014691512392,71.77666495837049,354.84614795772114
"(96, 920.8319880738944)",55.35810384748036,38.15999552056325,0.46774961523496705,73.39630504997756,357.3225030676363
"(97, 920.8319880738944)",55.17077643991509,38.52495096073291,0.4722230897306621,75.03894484445868,359.79918168662397
"(98, 920.8319880738944)",54.982640410538856,38.891960545619874,0.4767217430920319,76.70477174541094,362.2758587040772
"(99, 920.8319880738944)",54.79371586041795,39.261010793219,0.48124541006216714,78.39397150221201,364.7521961967699
"(100, 920.8319880738944)",54.604024262773514,39.63208698874361,0.4857939102732347,80.10672811300621,367.22784407808757
"(101, 920.8319880738944)",54.41358836441066,40.00517323527941,0.49036704886735205,81.8432237342237,369.7024407602287
"(102, 920.8319880738944)",54.222432085495335,40.38025250524676,0.4949646171274283,83.6036385968415,372.1756138188423
"(103, 920.8319880738944)",54.03058041995001,40.75730669304347,0.49958639312238146,85.38815092949835,374.6469806640503
"(104, 920.8319880738944)",53.83805933598364,41.13631666856959,0.5042321423632854,87.1969368886123,377.11614921453076
"(105, 920.8319880738944)",53.64489567704755,41.51726233153321,0.5089016184689842,89.03017049564545,379.58271857317175
"(106, 920.8319880738944)",53.451117063402386,41.90012266640289,0.5135945638396765,90.88802358159859,382.0462797028354
"(107, 920.8319880738944)",53.256751794504076,42.28487579785839,0.5183107103366486,92.77066573886486,384.5064161004237
"(108, 920.8319880738944)",53.06182875237877,42.67149904660777,0.5230497799664167,94.67826428050907,386.96270446757944
"(109, 920.8319880738944)",52.86637730617401,43.059968985419665,0.5278114855675493,96.61098420705598,389.4147153763461
"(110, 920.8319880738944)",52.67042721805841,43.45026149522442,0.5325955314983679,98.56898818084856,391.86201392806606
"(111, 920.8319880738944)",52.47400855063093,43.842351821141925,0.5374016143236785,100.55243650801424,394.30416040377895
"(112, 920.8319880738944)",52.277151575997486,44.2362146282852,0.5422294234987989,102.56148712808286,396.7407109044778
"(113, 920.8319880738944)",52.0798866866592,44.63182405719708,0.5470786420490741,104.5962956112677,399.1712179795477
"(114, 920.8319880738944)",51.88224430834373,45.02915377877684,0.5519489472431663,106.65701516341966,401.5952312417983
"(115, 920.8319880738944)",51.68425481490386,45.42817704855808,0.5568400112583447,108.74379663864964,404.0122979674616
"(116, 920.8319880738944)",51.48594844539117,45.828866760200874,0.5617515018361846,110.85678855959912,406.4219636797107
"(117, 920.8319880738944)",51.28735522340141,46.2311954980691,0.5666830829270233,112.99613714533386,408.8237727142006
"(118, 920.8319880738944)",51.08850487877128,46.63513558876652,0.5716344153217007,115.16198634681336,411.21726876532654
"(119, 920.8319880738944)",50.88942677170491,47.0406591515121,0.5766051572690037,117.35447788989748,413.6019954117798
"(120, 920.8319880738944)",50.690149819372074,47.44773814724524,0.5815949650775969,119.5737513258227,415.9774966203481
"(17, 921.0099138635989)",69.90561683580653,14.545504096921603,0.17829283918724212,2.2097924110480145,161.99968005129034
"(18, 921.0099138635989)",69.66659115694081,14.799124068024252,0.18140160904638034,2.5052321017181605,164.56744822080682
"(19, 921.0099138635989)",69.42826158397453,15.05596251825791,0.1845498297061451,2.8156215912526363,167.1566011699459
"(20, 921.0099138635989)",69.19118826209126,15.31548135110265,0.1877309053995087,3.140865139677888,169.76115987185904
"(21, 921.0099138635989)",68.95580783009719,15.577239031194217,0.19093942396659555,3.48087945441404,172.3762229662253
"(22, 921.0099138635989)",68.72245690070184,15.840873449785027,0.19417094682649771,3.8355922708275605,174.99777474065854
"(23, 921.0099138635989)",68.4913913710074,16.106087687118702,0.1974218344583059,4.204941137653974,177.62252561158402
"(24, 921.0099138635989)",68.26280212634988,16.372638317029928,0.20068910304366086,4.5888723813196775,180.24778112628533
"(25, 921.0099138635989)",68.03682771018434,16.64032587399855,0.20397030761581084,4.987340224440953,182.87133522352875
"(26, 921.0099138635989)",67.81356448617906,16.908987124396287,0.2072634473237103,5.400306038852728,185.49138372783025
"(27, 921.0099138635989)",67.59307475116522,17.1784888243885,0.21056688891894437,5.827737717128106,188.10645450863484
"(28, 921.0099138635989)",67.37539318759772,17.448722692220166,0.21387930512805006,6.269609149500786,190.71535124369098
"(29, 921.0099138635989)",67.1605319794641,17.71960136588186,0.21719962510325375,6.725899795309758,193.31710821224397
"(30, 921.0099138635989)",66.94848485884783,17.99105515581771,0.2205269946184872,7.196594339655417,195.91095397851583
"(31, 921.0099138635989)",66.73923030249145,18.26302943540988,0.22386074408301493,7.68168242685527,198.49628219848344
"(32, 921.0099138635989)",66.5327340577243,18.535482539879837,0.22720036278702474,8.181158462982076,201.072628097274
"(33, 921.0099138635989)",66.32895114290609,18.808384068197235,0.23054547808712156,8.695021479885105,203.63964943477694
"(34, 921.0099138635989)",66.1278274409598,19.081713501493503,0.23389583847140966,9.223275053380142,206.1971109902271
"(35, 921.0099138635989)",65.92930098035912,19.355459068537115,0.23725129965294858,9.765927268215563,208.7448717891735
"(36, 921.0099138635989)",65.73330297925315,19.629616802201397,0.24061181300432052,10.322990722579434,211.28287444709417
"(37, 921.0099138635989)",65.53975871235387,19.90418974233347,0.24397741578672938,10.894482565021448,213.81113613337763
"(38, 921.0099138635989)",65.34858824710092,20.17918724993096,0.2473482227434539,11.480424556979157,216.32974076628358
"(39, 921.0099138635989)",65.15970708346353,20.454624405698834,0.2507244187276307,12.080843153771115,218.8388321420649
"(40, 921.0099138635989)",64.97302672679677,20.730521471410906,0.25410625209972637,12.695769599218204,221.33860775935273
"(41, 921.0099138635989)",64.7884552097068,21.00690339949395,0.257494028716445,13.325240026599008,223.82931318192504
"(42, 921.0099138635989)",64.60589757927791,21.283799378717138,0.2608881063617658,13.969295562065023,226.3112368062223
"(43, 921.0099138635989)",64.42525635698264,21.56124240840466,0.2642888895279156,14.62798242490355,228.78470495430818
"(44, 921.0099138635989)",64.24643198351971,21.839268894170313,0.26769682445995857,15.301352024519066,231.25007721290632
"(45, 921.0099138635989)",64.0693232395247,22.117918264519297,0.2711123944564552,15.989461043771039,233.70774202192274
"(46, 921.0099138635989)",63.89382765153494,22.397232604034865,0.2745361153729679,16.692371509857242,236.15811246224692
"(47, 921.0099138635989)",63.71984189559973,22.6772562998195,0.27796853128846044,17.410150859147418,238.6016221996286
"(48, 921.0099138635989)",63.5472621712878,22.958035706226994,0.281410210395636,18.142871977323793,241.03872165949815
"(49, 921.0099138635989)",63.37598456734666,23.23961882314883,0.28486174105753165,18.890613227706854,243.46987436672515
"(50, 921.0099138635989)",63.20590540914649,23.52205498994336,0.28832372805580675,19.653458461734953,245.89555347977534
"(51, 921.0099138635989)",63.036921588295726,23.805394594960326,0.2917967890302695,20.431497012321916,248.31623851812134
"(52, 921.0099138635989)",62.86893087344527,24.089688800965664,0.29528155111312193,21.224823670262666,250.73241228594364
"(53, 921.0099138635989)",62.70183220147397,24.374989286688017,0.2987786477611295,22.033538644010896,253.14455799474953
"(54, 921.0099138635989)",62.535525948577686,24.66134800458097,0.30228871578620603,22.857747503524006,255.55315658466756
"(55, 921.0099138635989)",62.36991418086482,24.94881695481818,0.3058123925851937,23.697561108883022,257.95868424442733
"(56, 921.0099138635989)",62.20490088441425,25.23744797537209,0.3093503135667697,24.55309552457615,260.3616101272317
"(57, 921.0099138635989)",62.04039217501258,25.527292547871742,0.31290310977167357,25.42447192044729,262.76239425801396
"(58, 921.0099138635989)",61.87629648782807,25.818401618898456,0.31647140568226295,26.311816460272375,265.16148562744064
"(59, 921.0099138635989)",61.712524747611184,26.110825436198493,0.32005581721485726,27.21526017903905,267.5593204655604
"(60, 921.0099138635989)",61.54899052008187,26.404613399241246,0.3236569498879433,28.13493884993518,269.9563206877146
"(61, 921.0099138635989)",61.38561014526998,26.699813923488822,0.3272753971584505,29.070992842086316,272.3528925044933
"(62, 921.0099138635989)",61.22230285367904,26.996474317683976,0.3309117389175946,30.023566970019367,274.74942518692814
"(63, 921.0099138635989)",61.05899086620808,27.2946406734268,0.33456654013735937,30.992810335811765,277.1462899777399
"(64, 921.0099138635989)",60.89559947874068,27.594357766324627,0.3382403496588186,31.978876164806326,279.5438391396558
"(65, 921.0099138635989)",60.73205713239736,27.895668967950453,0.341933699112986,32.981921635786904,281.942405131326
"(66, 921.0099138635989)",60.56829547045699,28.198616167897566,0.34564710196532555,34.00210770635267,284.3422999019344
"(67, 921.0099138635989)",60.40424938264692,28.50323970520593,0.349381052675335,35.039598934284015,286.7438142957997
"(68, 921.0099138635989)",60.239857038107694,28.809578308488767,0.35313602596246413,36.09456329555703,289.14721755826565
"(69, 921.0099138635989)",60.075059907488836,29.11766904408732,0.3569124761707991,37.16717199966358,291.5527569352479
"(70, 921.0099138635989)",59.909802775236024,29.427547271652532,0.3607108367244642,38.25759930282302,293.96065735844246
"(71, 921.0099138635989)",59.74403374274984,29.73924660656466,0.36453151966703906,39.36602231957438,296.3711212095321
"(72, 921.0099138635989)",59.577704223139655,30.052798888659485,0.3683749152782047,40.49262083335466,298.78432815653514
"(73, 921.0099138635989)",59.410768928228805,30.368234156765652,0.3722413917616392,41.63757710641046,301.20043505644304
"(74, 921.0099138635989)",59.243185848411756,30.685580628603574,0.3761312949986239,42.801075689533405,303.6195759185531
"(75, 921.0099138635989)",59.074916225926025,31.00486468562879,0.38004494836221886,43.98330323199201,306.0418619233911
"(76, 921.0099138635989)",58.90592452202568,31.326110862452104,0.3839826525876778,45.18444829201552,308.4673814928778
"(77, 921.0099138635989)",58.736178378521565,31.649341840507233,0.3879446856947267,46.40470114819468,310.89620040734644
"(78, 921.0099138635989)",58.565648574091185,31.974578445663944,0.3919313029583574,47.64425361210354,313.32836196602125
"(79, 921.0099138635989)",58.394308975736465,32.30183964952475,0.3959427369247151,48.90329884243127,315.76388718751815
"(80, 921.0099138635989)",58.222136485726054,32.63114257416981,0.3999791974692613,50.18203116095412,318.2027750474416
"(81, 921.0099138635989)",58.04911098430806,32.96250250015465,0.4040408718947776,51.48064587057538,320.6450027506072
"(82, 921.0099138635989)",57.87521526849748,33.29593287756322,0.40812792506689116,52.79933907574219,323.09052603544455
"(83, 921.0099138635989)",57.70043498715078,33.631445339980246,0.41224049958535125,54.13830750545621,325.5392795087351
"(84, 921.0099138635989)",57.52475857259219,33.96904972122877,0.4163787159891045,55.49774833916064,327.99117700860035
"(85, 921.0099138635989)",57.348177168977244,34.30875407475673,0.42054267299405274,56.87785903579443,330.4461119944257
"(86, 921.0099138635989)",57.17068455760503,34.65056469557027,0.4247324477617748,58.278837166040915,332.9039579621068
"(87, 921.0099138635989)",56.99227707935554,34.99448614461083,0.42894809619844904,59.70088024839394,335.3645688832943
"(88, 921.0099138635989)",56.812953554448654,35.34052127549153,0.4331896532824911,61.14418558889161,337.82777966741776
"(89, 921.0099138635989)",56.63271519966621,35.68867126352064,0.4374571334203538,62.60895012497646,340.2934066455205
"(90, 921.0099138635989)",56.451565543242,36.03893563692457,0.44175053082920923,64.09537027365468,342.76124807455443
"(91, 921.0099138635989)",56.26951033755782,36.39131231020837,0.44606981994593536,65.60364178417566,345.2310846613813
"(92, 921.0099138635989)",56.08655746983441,36.74579761957902,0.45041495586123736,67.13395959546249,347.7026801051724
"(93, 921.0099138635989)",55.90271687097662,37.10238636035629,0.45478587477831206,68.68651769852687,350.1757816574278
"(94, 921.0099138635989)",55.71800042272709,37.46107182631683,0.4591824944949684,70.26150900407644,352.65012069840685
"(95, 921.0099138635989)",55.53242186335736,37.82184585085512,0.463604714908328,71.85912521553132,355.12541332894614
"(96, 921.0099138635989)",55.34599669200647,38.184698849929674,0.4680524185411088,73.47955670767209,357.6013609765236
"(97, 921.0099138635989)",55.15874207190205,38.549619866669744,0.47252547108849097,75.12299241108977,360.0776510144778
"(98, 921.0099138635989)",54.97067673251749,38.91659661755545,0.4770237219841103,76.78961970268026,362.5539573927985
"(99, 921.0099138635989)",54.78182087158348,39.28561554021372,0.481547004985934,78.47962430233383,365.02994128103524
"(100, 921.0099138635989)",54.5921960550172,39.656661842266764,0.48609513877504473,80.19319017601393,367.50525171670415
"(101, 921.0099138635989)",54.401825118490926,40.029719551906915,0.49066792757557987,81.93049944540175,369.9795262666136
"(102, 921.0099138635989)",54.21073206732195,40.40477156929675,0.495265161784698,83.69173230425938,372.45239169070663
"(103, 921.0099138635989)",54.0189419769918,40.781799719140544,0.49988661861707995,85.47706694165902,374.92346461242346
"(104, 921.0099138635989)",53.8264808937812,41.16078480415495,0.5045320627602736,87.28667947222766,377.39235219203584
"(105, 921.0099138635989)",53.63337573583364,41.54170665931541,0.5092012470396619,89.12074387351666,379.8586528017194
"(106, 921.0099138635989)",53.43965419482661,41.92454420675466,0.5138939130913509,90.9794319306268,382.3219567006661
"(107, 921.0099138635989)",53.24534463845668,42.309275511161346,0.5186097920412868,92.86291318817796,384.7818467085865
"(108, 921.0099138635989)",53.05047601391072,42.69587783554837,0.5233486051887769,94.77135490970646,387.2378988758436
"(109, 921.0099138635989)",52.855077752509864,43.08432769723674,0.5281100646927507,96.70492204458584,389.6896831485841
"(110, 921.0099138635989)",52.65917967569961,43.47460092391245,0.5328938742588595,98.66377720249706,392.13676402709456
"(111, 921.0099138635989)",52.462811902554854,43.8666727096037,0.5376997298256626,100.64808063552351,394.5787012156904
"(112, 921.0099138635989)",52.26600475893618,44.26051767044589,0.5425273202481177,102.65799022788809,397.0150502624799
"(113, 921.0099138635989)",52.06878868847083,44.65610990006908,0.5473763279765511,104.69366149335511,399.4453631873012
"(114, 921.0099138635989)",51.87119416546727,45.053423024483834,0.5522464297293828,106.75524758030333,401.8691890962355
"(115, 921.0099138635989)",51.67325160989686,45.45243025631425,0.5571372971579264,108.84289928446968,404.2860747811504
"(116, 921.0099138635989)",51.47499130455083,45.853104448247535,0.5620485975015118,110.95676506933347,406.6955653026905
"(117, 921.0099138635989)",51.2764433144694,46.255418145565585,0.5669799942314382,113.09699109412408,409.09720455535654
"(118, 921.0099138635989)",51.0776374087171,46.65934363763918,0.5719311476821552,115.26372124940917,411.4905358132418
"(119, 921.0099138635989)",50.878602984591055,47.06485300825795,0.5769017156681738,117.45709720020237,413.8751022551049
"(120, 921.0099138635989)",50.6793689942981,47.47191818469122,0.5818913540854427,119.67725843655184,416.2504474676546
"(17, 921.2029754167264)",69.83817447326064,14.61084373708691,0.1790937457683358,2.244291302756815,162.73740017756091
"(18, 921.2029754167264)",69.60265195494432,14.861917993679825,0.1821713113003718,2.5403281526337893,165.27642585283544
"(19, 921.2029754167264)",69.36753483818386,15.116423134379268,0.18529093120633597,2.8513226712599002,167.83923447375275
"(20, 921.2029754167264)",69.1334099814091,15.37380149822112,0.18844576990625184,3.1771778217192392,170.41962612061576
"(21, 921.2029754167264)",68.90073920114385,15.633593115859206,0.1916301892840257,3.5178092444288223,173.01249130368615
"(22, 921.2029754167264)",68.66988234918169,15.895418869360558,0.19483954226712139,3.873143797444845,175.61362226786042
"(23, 921.2029754167264)",68.44111647977134,16.158966358463157,0.1980699995809141,4.243118308327898,178.2195546463999
"(24, 921.2029754167264)",68.21465156591864,16.4239781950187,0.20131840626678446,4.627678510762345,180.82743634835285
"(25, 921.2029754167264)",67.99064326984494,16.690242395509973,0.204582163917477,5.026778140386394,183.43491997758582
"(26, 921.2029754167264)",67.76920325060878,16.957584545001414,0.20785913462606573,5.4403781694091755,186.04007511566846
"(27, 921.2029754167264)",67.55040744102244,17.225861434411254,0.21114756299420323,5.868446163209114,188.64131711904156
"(28, 921.2029754167264)",67.33430266665043,17.49495591043407,0.21444601300459962,6.31095574520192,191.23734950088925
"(29, 921.2029754167264)",67.12091192178573,17.76477271570351,0.21775331703142278,6.767886158590644,193.82711739761774
"(30, 921.2029754167264)",66.91023856493902,18.03523513225706,0.22106853469727095,7.239221915188858,196.40977001895294
"(31, 921.2029754167264)",66.70226965111873,18.306282272528268,0.22439091966726044,7.724952522598041,198.9846303313779
"(32, 921.2029754167264)",66.49697857968829,18.57786688889889,0.22771989279941415,8.225072281648675,201.55117052674962
"(33, 921.2029754167264)",66.29432720345861,18.849953596026683,0.2310550203546837,8.739580146323249,204.10899208938366
"(34, 921.2029754167264)",66.09426751841912,19.12251741881891,0.23439599619859755,9.268479638589405,206.65780948532637
"(35, 921.2029754167264)",65.89674302952,19.395542595823173,0.23774262713371955,9.811778810590653,209.19743668838115
"(36, 921.2029754167264)",65.70168986943646,19.66902158105804,0.24109482066449384,10.369490246879934,211.72777590681383
"(37, 921.2029754167264)",65.50903773096495,19.942954198920745,0.24445257463845685,10.941631099383423,214.24880800584245
"(38, 921.2029754167264)",65.31871066071156,20.217346916248875,0.24781596832345712,11.528223148251108,216.76058422709482
"(39, 921.2029754167264)",65.13062774930512,20.49221220395008,0.25118515458281226,12.129292881394742,219.26321890080226
"(40, 921.2029754167264)",64.94470374857102,20.76756796590859,0.2545603528749144,12.744871587778832,221.75688290372415
"(41, 921.2029754167264)",64.7608496321891,21.043437020126696,0.2579418428935958,13.374995457212746,224.2417977008415
"(42, 921.2029754167264)",64.5789731170397,21.31984661940205,0.26132995869247616,14.019705682607738,226.7182298304315
"(43, 921.2029754167264)",64.3989791530626,21.596828003564234,0.2647250831965959,14.679048559260783,229.1864857488838
"(44, 921.2029754167264)",64.22077039443185,21.874415975883473,0.26812764301021474,15.353075580836018,231.64690695164765
"(45, 921.2029754167264)",64.04424764342234,22.152648502661446,0.2715381035087275,16.04184352176767,234.0998653694871
"(46, 921.2029754167264)",63.86931027676565,22.43156633142054,0.27495696415859217,16.745414507244366,236.5457589872009
"(47, 921.2029754167264)",63.69585666723735,22.711212624148803,0.27838475402182966,17.463856077231156,238.9850076383318
"(48, 921.2029754167264)",63.52378457352716,22.991632610355147,0.281822027503203,18.197241225774945,241.41804904815018
"(49, 921.2029754167264)",63.352991519872745,23.272873255068106,0.2852693602808485,18.945648428556012,243.84533505738776
"(50, 921.2029754167264)",63.18337515590379,23.554982943646035,0.2887273454426746,19.709161652641225,246.26732805332358
"(51, 921.2029754167264)",63.01483359718782,23.83801118325055,0.2921965898272613,20.487870349146835,248.68449760634704
"(52, 921.2029754167264)",62.847265745750455,24.12200832112171,0.29567771057046244,21.281869428973483,251.09731731294215
"(53, 921.2029754167264)",62.68057158988422,24.407025279782346,0.2991713318597509,22.091259221975534,253.50626184661186
"(54, 921.2029754167264)",62.514652482868755,24.693113309180625,0.30267808189596096,22.916145420222016,255.91180421576482
"(55, 921.2029754167264)",62.34941140038426,24.980323755668046,0.30619859006175376,23.756639006072174,258.31441322722185
"(56, 921.2029754167264)",62.18475317666208,25.26870784761402,0.3097334842934407,24.612856165969205,260.7145511513383
"(57, 921.2029754167264)",62.02058471962517,25.558316497283162,0.3132833886527982,25.48491819090981,263.11267158468263
"(58, 921.2029754167264)",61.85681520540397,25.84920011858421,0.3168489210928728,26.3729513646036,265.5092175037304
"(59, 921.2029754167264)",61.693356252908146,26.14140846008226,0.32043069141123054,27.277086840356336,267.9046195025081
"(60, 921.2029754167264)",61.53012207908869,26.43499045271687,0.3240292993833073,28.197460507702317,270.29929420639763
"(61, 921.2029754167264)",61.367029635788825,26.729994071506965,0.32764533306726285,29.134212849818034,272.69364285314884
"(62, 921.2029754167264)",61.20399872907779,27.026466210527623,0.33127936727150503,30.08748879269824,275.0880500319827
"(63, 921.2029754167264)",61.04095212200195,27.324452570423478,0.334931962175789,31.05743754702498,277.48288257147436
"(64, 921.2029754167264)",60.8778156217648,27.623997557672514,0.3386036620966083,32.04421244367056,279.87848856672485
"(65, 921.2029754167264)",60.71451815230463,27.925144194859097,0.34229499438718647,33.047970763639256,282.27519653608863
"(66, 921.2029754167264)",60.550991813333326,28.22793404119084,0.34600646846330246,34.06887356326941,284.67331469855856
"(67, 921.2029754167264)",60.38717192654096,28.53240712254142,0.34973857494571575,35.10708549543404,287.07313036256505
"(68, 921.2029754167264)",60.222997070315785,28.838601870305816,0.3534917849107421,36.162774627404595,289.4749094177405
"(69, 921.2029754167264)",60.05840910343072,29.146555068410645,0.3572665492407394,37.236112256054376,291.8788959213812
"(70, 921.2029754167264)",59.893353178786334,29.456301807846927,0.3610632980667073,38.32727272096711,294.28531177186
"(71, 921.2029754167264)",59.7277777478947,29.76787544813613,0.3648824402960112,39.43643321592226,296.69435646207927
"(72, 921.2029754167264)",59.56163455685395,30.081307585181744,0.3687243632183131,40.563773599420685,299.10620690592714
"(73, 921.2029754167264)",59.3948786344616,30.396628025010955,0.3725894321836992,41.70947620451661,301.52101733193575
"(74, 921.2029754167264)",59.22746827310454,30.71386476293747,0.37647799034727647,42.873725648517386,303.9389192383033
"(75, 921.2029754167264)",59.05936500295867,31.03304396773899,0.38039035847521485,44.05670864286489,306.36002140433817
"(76, 921.2029754167264)",58.89053356002886,31.35418997046286,0.3843268348075383,45.25861380361459,308.7844099535824
"(77, 921.2029754167264)",58.72094184848236,31.677325257526757,0.38828769497356147,46.479631462798764,311.21214846454836
"(78, 921.2029754167264)",58.550560897691625,32.00247046781301,0.3922731919562569,47.719953481052606,313.6432781252679
"(79, 921.2029754167264)",58.3793648143641,32.329644393488515,0.39628355610232147,48.979773061749405,316.07781792843036
"(80, 921.2029754167264)",58.20733073009935,32.658863984313825,0.4003189951749843,50.259284566979616,318.5157649040501
"(81, 921.2029754167264)",58.0344387446858,32.99014435523023,0.40437969444701366,51.55868333561319,320.9570943870825
"(82, 921.2029754167264)",57.86067186540402,33.32349879704852,0.408465816831735,52.878165503736,323.40176031768186
"(83, 921.2029754167264)",57.68601594259763,33.65893879007533,0.4125775030500464,54.217927827699505,325.8496955720068
"(84, 921.2029754167264)",57.510459601746064,33.99647402053529,0.41671487183172784,55.57816751004481,328.3008123217426
"(85, 921.2029754167264)",57.33399417224823,34.336112399669155,0.4208780201495331,56.9590820285983,330.7550024206526
"(86, 921.2029754167264)",57.1566136131148,34.67786008539933,0.4250670234847664,58.36086896878066,333.2121378169177
"(87, 921.2029754167264)",56.97831443576988,35.02172150646172,0.42928193612302784,59.78372585972131,335.67207098946506
"(88, 921.2029754167264)",56.799095624133,35.367699388914524,0.43352279147925943,61.22785001405741,338.1346354076015
"(89, 921.2029754167264)",56.61895855215423,35.71579478495386,0.4377896024508468,62.693438371872936,340.59964601235293
"(90, 921.2029754167264)",56.43790689898138,36.066007103947065,0.44208236179803634,64.18068734891385,343.06689971869093
"(91, 921.2029754167264)",56.25594656192331,36.418334145616086,0.4464010425507201,65.68979268935759,345.5361759374945
"(92, 921.2029754167264)",56.07308556738585,36.77277213529645,0.45074559844062606,67.22094932332763,348.0072371161701
"(93, 921.2029754167264)",55.889333979939465,37.12931576120537,0.4551159643580826,68.77435122939076,350.4798292969278
"(94, 921.2029754167264)",55.70470380969833,37.48795821363772,0.45951205683251056,70.35019130226242,352.9536826917062
"(95, 921.2029754167264)",55.51920891819653,37.848691226011375,0.4639337745355369,71.94866122591921,355.4285122725301
"(96, 921.2029754167264)",55.33286492291584,38.211505117692795,0.4683809988058867,73.56995135234507,357.90401837629594
"(97, 921.2029754167264)",55.14568910068415,38.576388838494545,0.4728535941949244,75.21425058609378,360.37988732276386
"(98, 921.2029754167264)",54.95770028999088,38.94333001476097,0.477351409031396,76.881746274885,362.8557920442038
"(99, 921.2029754167264)",54.768918793156594,39.312314997066736,0.48187427600626326,78.57262410641076,365.3313927273398
"(100, 921.2029754167264)",54.5793662764043,39.683328908985295,0.48642201277036085,80.28706801152744,367.80633746072186
"(101, 921.2029754167264)",54.38906567156804,40.05635569758226,0.49099442255339215,82.02526007402766,370.2802628951746
"(102, 921.2029754167264)",54.19804107611386,40.43137818474092,0.4955912947930206,83.7873804471117,372.75279490684693
"(103, 921.2029754167264)",54.00631765377796,40.80837811966924,0.5002124057785122,85.57360727675405,375.22354926677036
"(104, 921.2029754167264)",53.813921535330444,41.18733623229987,0.5048575193052566,87.38411663206209,377.6921323134477
"(105, 921.2029754167264)",53.62087971974649,41.568232287479404,0.5095263873390278,89.21908244278526,380.1581416272626
"(106, 921.2029754167264)",53.42721997599336,41.95104513980558,0.5142187506881293,91.0786764440664,382.62116670491014
"(107, 921.2029754167264)",53.2329707456183,42.33575278897368,0.5189343396818271,92.96306812853499,385.0807896322783
"(108, 921.2029754167264)",53.03816104632585,42.72233243548897,0.5236728748532411,94.87242470585039,387.5365857539863
"(109, 921.2029754167264)",52.842820376723736,43.11076053659948,0.5284340676249475,96.8069110697451,389.98812433792017
"(110, 921.2029754167264)",52.64697862241077,43.50101286230247,0.5332176209954868,98.76668977262524,392.43496923304554
"(111, 921.2029754167264)",52.450665963576796,43.89306455127474,0.5380232302249277,100.7519210078088,394.876679518713
"(112, 921.2029754167264)",52.25391278425983,44.28689016658486,0.5428505835177676,102.76276259938365,397.31281014389
"(113, 921.2029754167264)",52.056749583414025,44.68246375103772,0.5476993627013291,104.79936999974913,399.74291255456006
"(114, 921.2029754167264)",51.85920688792079,45.079758882009486,0.552569243897899,106.86189629481164,402.16653530770367
"(115, 921.2029754167264)",51.6613151676566,45.47874872563673,0.5574598981889539,108.95049221686293,404.5832246703069
"(116, 921.2029754167264)",51.46310475274669,45.87940609021445,0.5623709922696988,111.06530616508496,406.9925252018184
"(117, 921.2029754167264)",51.26460575307486,46.28170347868488,0.5673021890924531,113.20648423368816,409.39398031870195
"(118, 921.2029754167264)",51.06584798015476,46.685613140080825,0.5722531484971932,115.37417024761515,411.78713283958905
"(119, 921.2029754167264)",50.866860871414254,47.0911071198107,0.5772235278279909,117.56850580577081,414.17152550991403
"(120, 921.2029754167264)",50.66767341697067,47.49815730866723,0.5822129825336755,119.78963033172789,416.54670150454047
"(17, 921.4104403846778)",69.76646337241034,14.680571973943442,0.17994844597245527,2.281535746515886,163.52484110350252
"(18, 921.4104403846778)",69.5346030880086,14.928980112690509,0.18299333132254886,2.5782076784695627,166.03375832289947
"(19, 921.4104403846778)",69.30285250382622,15.181035726274226,0.1860829259271413,2.8898462818649393,168.5689044447317
"(20, 921.4104403846778)",69.07182414832324,15.43616228804807,0.18921016295843585,3.2163530772046283,171.1238664995844
"(21, 921.4104403846778)",68.8420044316566,15.693881764004244,0.1923691828711113,3.5576425118448265,173.69333099386648
"(22, 921.4104403846778)",68.61377618745622,15.953798163871895,0.19555513177841288,3.9136404579938744,176.27289963343725
"(23, 921.4104403846778)",68.38743759669075,16.215583584138027,0.1987639903732087,4.284282928822527,178.85893297357157
"(24, 921.4104403846778)",68.16321784262283,16.478966545819404,0.20199243097717956,4.669514985349515,181.44841979570515
"(25, 921.4104403846778)",67.94128992816177,16.743722351097883,0.20523769933638322,5.0692898078157125,184.03886912125924
"(26, 921.4104403846778)",67.72178109060434,17.00966516745205,0.20849751759179033,5.483567910243654,186.62822159312
"(27, 921.4104403846778)",67.50478121543556,17.276641563522972,0.21177000504456578,5.912316480725235,189.21477712765355
"(28, 921.4104403846778)",67.29034960303342,17.54452524991374,0.21505361369094234,6.35550883305139,191.79713606423616
"(29, 921.4104403846778)",67.07852039183653,17.813212810789512,0.21834707590192048,6.8131239577373,194.37415140575794
"(30, 921.4104403846778)",66.86930689425232,18.082620243912856,0.22164936201243562,7.2851461621851215,196.94489010067608
"(31, 921.4104403846778)",66.6627050590823,18.352680155851672,0.2249596459413648,7.771564790833728,199.5086016447804
"(32, 921.4104403846778)",66.45869623804013,18.623339484273338,0.22827727727234243,8.272374016930934,202.0646925643933
"(33, 921.4104403846778)",66.25724940166512,18.89455764176463,0.2316017585014585,8.787572697830736,204.61270559686398
"(34, 921.4104403846778)",66.05832292444862,19.16630499372244,0.2349327263798725,9.317164286021884,207.15230258842945
"(35, 921.4104403846778)",65.86186603541096,19.438561599476976,0.23826993648300726,9.86115678824187,209.68325031699507
"(36, 921.4104403846778)",65.66782001186873,19.71131615904733,0.24161325030032488,10.419562765059132,212.2054085969366
"(37, 921.4104403846778)",65.47611917807707,19.98456511941025,0.2449626242803564,10.992399363632712,214.71872015231685
"(38, 921.4104403846778)",65.28669175735159,20.25831190366619,0.24831810038194435,11.579688376685116,217.22320185172887
"(39, 921.4104403846778)",65.0994606136797,20.532566234905126,0.25167979778687216,12.18145632033,219.71893699439855
"(40, 921.4104403846778)",64.91434391422885,20.807343531826422,0.25504790549120654,12.79773452589306,222.2060683919493
"(41, 921.4104403846778)",64.73125572984739,21.082664360598155,0.2584226755866264,13.42855923833037,224.68479207932978
"(42, 921.4104403846778)",64.55010659152653,21.358553929714347,0.26180441706854085,14.073971717262307,227.15535150851576
"(43, 921.4104403846778)",64.37080401114999,21.63504161950819,0.26519349006905113,14.734018335047566,229.61803213662654
"(44, 921.4104403846778)",64.19325297993014,21.91216053851176,0.2685903004189957,15.408750671699531,232.07315632042017
"(45, 921.4104403846778)",64.01735643625506,22.189947105377108,0.27199529452332805,16.09822559624024,234.52107851305962
"(46, 921.4104403846778)",63.843015713182425,22.46844065148131,0.27540895448996355,16.802505335656974,236.96218070682403
"(47, 921.4104403846778)",63.670130978779206,22.747683040380114,0.27883179346525416,17.521657538025877,239.39686807204347
"(48, 921.4104403846778)",63.49860164245384,23.027718308702237,0.28226435123217636,18.255755310898298,241.8255648628367
"(49, 921.4104403846778)",63.32832674919202,23.308592323385803,0.2857071900089038,19.004877247985522,244.24871051918737
"(50, 921.4104403846778)",63.15920535231821,23.59035245695606,0.28916089046845617,19.769107438108467,246.66675599045732
"(51, 921.4104403846778)",62.99113686548956,23.873047280554466,0.2926260479760344,20.548535457089283,249.08016027653647
"(52, 921.4104403846778)",62.82402139336624,24.156726274722836,0.2961032690438624,21.34325634275865,251.48938718628932
"(53, 921.4104403846778)",62.657760040437005,24.441439557957462,0.29959316800397934,22.15337055344194,253.89490231334543
"(54, 921.4104403846778)",62.49225519775638,24.72723763293703,0.30309636389755723,22.978983910588866,256.29717022725396
"(55, 921.4104403846778)",62.32741080751656,25.014171150233132,0.3066134775785837,23.820207526246325,258.696651877314
"(56, 921.4104403846778)",62.163132605558296,25.30229068922972,0.3101451290284555,24.67715771630399,261.0938022049679
"(57, 921.4104403846778)",61.99932834220761,25.591646555816663,0.31369193487619457,25.549955900460677,263.48906795893544
"(58, 921.4104403846778)",61.83590798190047,25.882288596379777,0.31725450611840544,26.438728489904904,265.88288570667856
"(59, 921.4104403846778)",61.67278388230279,26.1742660274715,0.3208334460314601,27.343606763774854,268.2756800342066
"(60, 921.4104403846778)",61.50987095369033,26.467627280511454,0.32442934826788333,28.264726735407134,270.6678619258173
"(61, 921.4104403846778)",61.347086725403365,26.762419862842176,0.32804279515324725,29.202229009376044,273.05982733779814
"(62, 921.4104403846778)",61.18435183894243,27.05869022000428,0.3316743559979911,30.156258630365446,275.45195579404793
"(63, 921.4104403846778)",61.021589412839475,27.356483641600487,0.3353245859435393,31.126964924747476,277.84460948129885
"(64, 921.4104403846778)",60.85872587344088,27.655844138036578,0.3389940244514411,32.11450133581814,280.2381320217585
"(65, 921.4104403846778)",60.695690659504955,27.956814359271885,0.34268319430745364,33.11902525351401,282.632847725745
"(66, 921.4104403846778)",60.53241635755069,28.259435511668798,0.3463926006023088,34.14069783941086,285.02906082755635
"(67, 921.4104403846778)",60.3688387501271,28.563747286542384,0.35012272985590986,35.17968384774135,287.4270548574782
"(68, 921.4104403846778)",60.204896852276775,28.86978779773481,0.3538740492521456,36.236151443107445,289.8270921190212
"(69, 921.4104403846778)",60.040532937091484,29.177593527313643,0.3576470059732763,37.310272015543234,292.2294132605548
"(70, 921.4104403846778)",59.87569255081172,29.48719927908599,0.3614420266301323,38.402219993489815,294.63423693731085
"(71, 921.4104403846778)",59.710324518810886,29.798638139005188,0.3652595167767938,39.512172655226365,297.04175955277384
"(72, 921.4104403846778)",59.5443809428328,30.111941442109398,0.36909986050534227,40.64030993926632,299.4521550748843
"(73, 921.4104403846778)",59.37781719029098,30.427138745412982,0.3729634201135684,41.7868142541457,301.86557492007296
"(74, 921.4104403846778)",59.210591876235576,30.744257806296847,0.3768505358400939,42.95187028805816,304.2821478995646
"(75, 921.4104403846778)",59.04266683855093,31.063324565972064,0.3807615256616896,44.135664818710715,306.7019802227685
"(76, 921.4104403846778)",58.87400710691118,31.384363137634683,0.3846966851479946,45.33838652374831,309.1251555529912
"(77, 921.4104403846778)",58.70458086594849,31.707395798965074,0.38865628736975494,46.56022579212586,311.5517351115139
"(78, 921.4104403846778)",58.534359413079365,32.032442988671086,0.39264058285629155,47.8013745367063,313.98175782580586
"(79, 921.4104403846778)",58.36331711133809,32.359523306805535,0.39664979959940855,49.062026008408786,316.4152405189765
"(80, 921.4104403846778)",58.191431337606986,32.688653518599914,0.4006841431004561,50.34237461219261,318.8521781371559
"(81, 921.4104403846778)",58.0186824265018,33.01984856163165,0.4047437964581802,51.64261572514142,321.2925440123568
"(82, 921.4104403846778)",57.84505361024973,33.35312155611282,0.40882892049475944,52.962945516918914,323.7362901581498
"(83, 921.4104403846778)",57.6705309547776,33.688483818151276,0.41293965391841114,54.303560772864174,326.18334759639555
"(84, 921.4104403846778)",57.49510329225703,34.025944875841276,0.4170761135206216,55.664658719949244,328.63362671301667
"(85, 921.4104403846778)",57.31876215033194,34.365512488052325,0.42123839440644995,57.04643685592651,331.0870176410551
"(86, 921.4104403846778)",57.1415016782251,34.7071926658098,0.42542657025655717,58.44909278168627,333.5433906697511
"(87, 921.4104403846778)",56.96331856991721,35.05098969616286,0.4296406936198404,59.872824037444126,336.00259667799145
"(88, 921.4104403846778)",56.784211984573794,35.3969061684585,0.433880796235485,61.31782794259354,338.4644675911993
"(89, 921.4104403846778)",56.60418346441508,35.744943002930256,0.4381468893833229,62.78430143972537,340.9288168601389
"(90, 921.4104403846778)",56.423236850177744,36.09509948153018,0.4424389642618133,64.27244094292422,343.3954399608939
"(91, 921.4104403846778)",56.24137819436318,36.447373280923756,0.44675699239247385,65.78244219061398,345.8641149146695
"(92, 921.4104403846778)",56.058615672433,36.801760507576745,0.4511009260499564,67.3145001031674,348.33460282645893
"(93, 921.4104403846778)",55.87495949211435,37.15825573486541,0.4554706987169372,68.86880864549926,350.80664844159077
"(94, 921.4104403846778)",55.69042180101075,37.51685204212616,0.459866225562713,70.44556069486246,353.2799807189165
"(95, 921.4104403846778)",55.505016592687724,37.87754105556361,0.46428740394477147,72.04494791408032,355.7543134197304
"(96, 921.4104403846778)",55.318759611396516,38.24031299095559,0.468734113932098,73.6671606303836,358.22934571111256
"(97, 921.4104403846778)",55.13166825565747,38.60515669803691,0.47320621884930547,75.3123877200986,360.70476278260816
"(98, 921.4104403846778)",54.94376148075188,38.972059706474504,0.4777035658401688,76.98081649935727,363.1802364747636
"(99, 921.4104403846778)",54.75505970105238,39.34100827347583,0.4822259864511164,78.67263262101943,365.6554259198394
"(100, 921.4104403846778)",54.56558469024943,39.7119874324597,0.4867732972279596,80.38801997799851,368.1299781883174
"(101, 921.4104403846778)",54.375359483207525,40.08498104347032,0.49134530033370566,82.12716061315098,370.6035289482706
"(102, 921.4104403846778)",54.184408276124515,40.459971844422036,0.49594178417678436,83.890234635888,373.0757031276057
"(103, 921.4104403846778)",53.99275632730561,40.836941503533545,0.5005625240536967,85.67742014566657,375.546115582716
"(104, 921.4104403846778)",53.80042985805167,41.21587067265828,0.5052072828027765,87.48889316249331,378.0143717703595
"(105, 921.4104403846778)",53.607455953951,41.59673904140962,0.509875811467636,89.32482756456167,380.48006842132787
"(106, 921.4104403846778)",53.41386246679252,41.979525391933265,0.5145678499684828,91.18539503314824,382.9427942141083
"(107, 921.4104403846778)",53.21967791725824,42.36420765419802,0.5192831277799044,93.07076500484891,385.4021304471657
"(108, 921.4104403846778)",53.02493139861846,42.75076296164803,0.5240213646130218,94.98110463125866,387.8576517078056
"(109, 921.4104403846778)",52.82965248158037,43.13916770708417,0.5287822711004164,96.91657874615454,390.3089265360902
"(110, 921.4104403846778)",52.633871120490646,43.52939759861007,0.5335655494819892,98.87734984025056,392.7555180820417
"(111, 921.4104403846778)",52.43761756102733,43.92142771551815,0.5383708942898903,100.86357804356494,395.19698475437565
"(112, 921.4104403846778)",52.240922249566005,44.3152325639452,0.5431979930307744,102.87542111542639,397.63288085913257
"(113, 921.4104403846778)",52.04381574434823,44.71078613216626,0.5480465268635547,104.91303444215391,400.0627572264872
"(114, 921.4104403846778)",51.84632862858251,45.10806194538274,0.5529161712709822,106.97657104239671,402.48616182420903
"(115, 921.4104403846778)",51.64849142562367,45.507033119854434,0.5578065967231645,109.06618158014177,404.9026403560275
"(116, 921.4104403846778)",51.45033451630913,45.90767241625315,0.562717469331564,111.18201438536303,407.31173684358475
"(117, 921.4104403846778)",51.25188805857104,46.309952292097876,0.5676484514917085,113.32421548228699,409.71299419036853
"(118, 921.4104403846778)",51.053181909397004,46.71384495314806,0.5725992025131719,115.49292862522871,412.1059547263483
"(119, 921.4104403846778)",50.85424554921451,47.119322403635785,0.5775693792352818,117.68829534195447,414.49016073193167
"(120, 921.4104403846778)",50.655108008746446,47.52635649522668,0.5825586366272675,119.91045498450153,416.86515494012656
"(17, 921.6315217817672)",69.69089256011682,14.75433697112654,0.18085262713336803,2.3214190732290363,164.35806288992745
"(18, 921.6315217817672)",69.46282311977542,14.999980053764679,0.1838636195567612,2.618760408793496,166.83574708360823
"(19, 921.6315217817672)",69.23456614224699,15.249488908079002,0.18692199702801474,2.9310785988974817,169.3421259765187
"(20, 921.6315217817672)",69.00675834712845,15.50226915874284,0.19002047393751303,3.258273576698929,171.87058498802384
"(21, 921.6315217817672)",68.77990976237972,15.757825361156993,0.19315297732802705,3.6002584704332703,174.41561396107548
"(22, 921.6315217817672)",68.55442560107743,16.015745039407026,0.1963144512385241,3.9569580564206706,176.97262838629283
"(23, 921.6315217817672)",68.33062484041157,16.27568498044639,0.1995006887038795,4.328307438221339,179.53781588844575
"(24, 921.6315217817672)",68.10875573757222,16.53735967179306,0.2027081900288768,4.714250921934028,182.10800673200734
"(25, 921.6315217817672)",67.88900863569471,16.80053166449104,0.2059340446613487,5.114741061424981,184.68056590648823
"(26, 921.6315217817672)",67.67152644261182,17.065003608443654,0.2091758335645361,5.529737851370126,187.2533039566829
"(27, 921.6315217817672)",67.45641314996442,17.330611709440262,0.2124315490160106,5.95920804991068,189.82440374417325
"(28, 921.6315217817672)",67.24374072476257,17.597220377042262,0.21569952900363634,6.403124615900119,192.39236054733166
"(29, 921.6315217817672)",67.03355466344422,17.864717859087914,0.21897840371513258,6.861466248234542,194.95593320508527
"(30, 921.6315217817672)",66.82587845651983,18.133012686415658,0.22226705195893304,7.3342170164835965,197.51410432237498
"(31, 921.6315217817672)",66.62071717317609,18.402030777760793,0.22556456567719582,7.821366073342087,200.06604785177527
"(32, 921.6315217817672)",66.41806034090939,18.671713078523386,0.22887022100279408,8.322907440093719,202.6111026332408
"(33, 921.6315217817672)",66.21788426462581,18.942013628462476,0.23218345457389442,8.838839856784107,205.14875071470203
"(34, 921.6315217817672)",66.02015390487043,19.21289797094385,0.23550384403517188,9.36916668903045,207.67859947456097
"(35, 921.6315217817672)",65.82482441181415,19.48434183259607,0.23883109185356488,9.913895883632074,210.20036675016993
"(36, 921.6315217817672)",65.63184239339591,19.756330015278603,0.2421650117364878,10.473039965227837,212.71386832377095
"(37, 921.6315217817672)",65.44114698000563,20.028855453706186,0.2455055170806175,11.046616066578055,215.2190072462511
"(38, 921.6315217817672)",65.25267073514833,20.301918401500753,0.24885261099457945,11.63464598536017,217.7157645849402
"(39, 921.6315217817672)",65.06634044884032,20.575525716906853,0.25220637754409797,12.237156260144646,220.2041912788893
"(40, 921.6315217817672)",64.88207784587263,20.849690224703696,0.25556697393001626,12.85417826051368,222.68440083976844
"(41, 921.6315217817672)",64.69980022678715,21.124430138237308,0.2589346234041334,13.485748283956909,225.15656272598338
"(42, 921.6315217817672)",64.51942106000774,21.399768527981294,0.2623096087547124,14.131907655501674,227.62089623908386
"(43, 921.6315217817672)",64.34085053412302,21.675732827775782,0.2656922662547128,14.792702824471464,230.07766484950602
"(44, 921.6315217817672)",64.16399608418533,21.952354370652394,0.26908297997155056,15.468185458202633,232.52717085855033
"(45, 921.6315217817672)",63.98876288412255,22.229667952597392,0.2724821764202063,16.158412522204962,234.96975039035772
"(46, 921.6315217817672)",63.81505431596132,22.507711419098477,0.2758903194951821,16.863446348019508,237.40576865318312
"(47, 921.6315217817672)",63.64277242941109,22.78652527040226,0.2793079056319309,17.58335469532407,239.83561541791067
"(48, 921.6315217817672)",63.4718183651752,23.066152289837213,0.28273545925099536,18.318210789301947,242.25970078185972
"(49, 921.6315217817672)",63.30209276425298,23.34663718991444,0.2861735284200518,19.068093346393216,244.67845114503692
"(50, 921.6315217817672)",63.13349615402287,23.628026277747885,0.2896226807527428,19.833086582348315,247.09230542231694
"(51, 921.6315217817672)",62.96592931209632,23.910367139315287,0.29308349953853385,20.613280203277803,249.501711485547
"(52, 921.6315217817672)",62.799293607473395,24.193708342481617,0.2965565801024405,21.40876937985591,251.90712283435286
"(53, 921.6315217817672)",62.6334913187272,24.478099158635846,0.3000425263929953,22.219654705081364,254.30899549374092
"(54, 921.6315217817672)",62.468425929060004,24.76358930276846,0.30354194779621446,23.046042136192483,256.7077851358344
"(55, 921.6315217817672)",62.304002398284325,25.050228691706828,0.30705545617214836,23.888042921495657,259.10394442183616
"(56, 921.6315217817672)",62.140127411965445,25.338067220140275,0.31058366310948976,24.745773513022282,261.4979205591325
"(57, 921.6315217817672)",61.97670960817013,25.627154553951176,0.31412717739230595,25.61935546592215,263.89015306715993
"(58, 921.6315217817672)",61.81365978239732,25.917539940295185,0.31768660267208887,26.508915325654865,266.281071744702
"(59, 921.6315217817672)",61.650891071463356,26.20927203376652,0.32126253533694954,27.414584503970183,268.6710948300914
"(60, 921.6315217817672)",61.48831911714699,26.50239873796107,0.3248555625695712,28.336499144727814,271.0606273455382
"(61, 921.6315217817672)",61.32586221058499,26.796967061650808,0.32846626058425044,29.274799980570293,273.4500596156589
"(62, 921.6315217817672)",61.16344141839558,27.093022988788732,0.33209519303347346,30.229632181425703,275.8397659504242
"(63, 921.6315217817672)",61.00098069157331,27.39061136153004,0.33574290957406555,31.201145195781784,278.2301034824025
"(64, 921.6315217817672)",60.838406958219814,27.689775775453302,0.3394099445827056,32.18949258563942,280.6214111479848
"(65, 921.6315217817672)",60.67565020114743,27.99055848615909,0.34309681601135006,33.19483185597946,283.01400880304004
"(66, 921.6315217817672)",60.512643521498525,28.293000326470402,0.3468040243720109,34.21732427953697,285.40819646248053
"(67, 921.6315217817672)",60.34932318908627,28.597140633460388,0.35053205184246355,35.25713471762101,287.80425365523405
"(68, 921.6315217817672)",60.185628680904564,28.903017184572345,0.3542813614830743,36.314431437667885,290.20243888489426
"(69, 921.6315217817672)",60.021502708263384,29.210666142127305,0.35805239655686844,37.38938592813882,292.60298918817665
"(70, 921.6315217817672)",59.85689123367546,29.520122005591013,0.3618455799441483,38.4821727113777,295.0061197825538
"(71, 921.6315217817672)",59.6917434782235,29.83141757096015,0.3656613136448328,39.59296915493438,297.41202379627293
"(72, 921.6315217817672)",59.52601192017325,30.144583896716526,0.3694999783610839,40.72195528185877,299.820872073397
"(73, 921.6315217817672)",59.359652285494725,30.459650275836147,0.3733619331542191,41.86931358042925,302.23281304787616
"(74, 921.6315217817672)",59.19262353098333,30.776644213354693,0.3772475151697402,43.0352288137158,304.6479726805622
"(75, 921.6315217817672)",59.02488782048629,31.095591409094066,0.38115703942547674,44.21988782939484,307.06645445414034
"(76, 921.6315217817672)",58.85641049483049,31.416515745115877,0.3850907986580452,45.42347937014805,309.4883394212223
"(77, 921.6315217817672)",58.68716003586642,31.73943927760478,0.3890490632231071,46.64619388499734,311.9136863010858
"(78, 921.6315217817672)",58.517108025104065,32.06438223282618,0.393032081045953,47.88822334190528,314.34253162153124
"(79, 921.6315217817672)",58.34622909731176,32.391363006904136,0.3970400776187468,49.14976104192028,316.7748899021964
"(80, 921.6315217817672)",58.174500889421246,32.72039816917393,0.4010732560416201,50.43100143516782,319.21075387643884
"(81, 921.6315217817672)",58.00190398506968,33.05150246888858,0.4051317971048832,51.73213993895464,321.650094749001
"(82, 921.6315217817672)",57.82842185504995,33.38468884509774,0.4092158594101151,53.05337275825588,324.09286248712226
"(83, 921.6315217817672)",57.65404079395445,33.71996843952171,0.41332557952796656,54.39489670884002,326.5389861428506
"(84, 921.6315217817672)",57.478749853220876,34.05735061229038,0.4174610721910785,55.75690904327024,328.9883742048416
"(85, 921.6315217817672)",57.30254077083186,34.3968429604033,0.42162243052038456,57.139607280107015,331.4409149777224
"(86, 921.6315217817672)",57.12540789783847,34.738451338819,0.42580972628351166,58.54318903631714,333.8964769878335
"(87, 921.6315217817672)",56.947348121953,35.0821798840364,0.43002301018405137,59.96785186352991,336.35490941357375
"(88, 921.6315217817672)",56.76836078833585,35.42803104012714,0.4342623121803547,61.4137930879589,338.81604253929027
"(89, 921.6315217817672)",56.588447617812655,35.77600558707915,0.43852764183325516,62.881209654500296,341.2796882316524
"(90, 921.6315217817672)",56.407612622655996,36.12610267141978,0.44281898868121017,64.3702979751064,343.7456404370205
"(91, 921.6315217817672)",56.22586202012298,36.47831983901273,0.447136322642426,65.8812537817299,346.2136756991124
"(92, 921.6315217817672)",56.043204143924704,36.83265306996394,0.4514795944426835,67.41427198401908,348.6835536956064
"(93, 921.6315217817672)",55.85964935379954,37.18909681555793,0.4558487360681146,68.96954653201858,351.15501779273296
"(94, 921.6315217817672)",55.67520994334598,37.547644037161895,0.4602436612419868,70.5472702840693,353.62779561679514
"(95, 921.6315217817672)",55.489900046339784,37.908286246986634,0.4646642659245026,72.14763488014475,356.10159964146237
"(96, 921.6315217817672)",55.303735541663116,38.27101355066243,0.4691104288345103,73.7708306208114,358.57612778963573
"(97, 921.6315217817672)",55.11673395708308,38.63581469150253,0.47358201199214606,75.41704635203779,361.0510640487549
"(98, 921.6315217817672)",54.92891437203189,39.00267709638734,0.47807886128125565,77.08646935602006,363.526079098318
"(99, 921.6315217817672)",54.74029731959962,39.37158692315944,0.4826008070303339,78.77928524824117,366.00083094823447
"(100, 921.6315217817672)",54.55090468793212,39.74252910942583,0.4871476646107281,80.49567788092988,368.47496558668945
"(101, 921.6315217817672)",54.360759621240724,40.115487422653004,0.4917192350506851,82.235829253075,370.9481176360544
"(102, 921.6315217817672)",54.16988642060913,40.49044451144436,0.4963153056638827,83.99991942719048,373.4199110153967
"(103, 921.6315217817672)",53.97831044480417,40.86738195787454,0.5009356506909246,85.7881264529371,375.88995960807955
"(104, 921.6315217817672)",53.78605801130136,41.24628033074684,0.5055800319521503,87.60062629777877,378.35786793275605
"(105, 921.6315217817672)",53.593156297711275,41.62711923964701,0.5102481995102033,89.43759278476021,380.82323181623525
"(106, 921.6315217817672)",53.39963324380604,42.00987738965417,0.5149398923406545,91.2991975375536,383.28563906650317
"(107, 921.6315217817672)",53.20551745434416,42.394532636564634,0.5196548390089136,93.18560993284694,385.74467014419736
"(108, 921.6315217817672)",53.010838102877294,42.78106204248655,0.524392758351687,95.09699706017196,388.19989883083184
"(109, 921.6315217817672)",52.815624836716,43.16944193166059,0.5291533601611975,97.03352368923825,390.6508928920618
"(110, 921.6315217817672)",52.61990768323872,43.559647946354225,0.5339363458703296,98.99535224484302,393.0972147342248
"(111, 921.6315217817672)",52.423716957701934,43.95165510268566,0.5387414092368731,100.98264278938338,395.5384220524498
"(112, 921.6315217817672)",52.2270831727095,44.34543784622816,0.5435682370251246,102.99555301302148,397.9740684686765
"(113, 921.6315217817672)",52.030036949481634,44.74097010725211,0.5484165096829988,105.03423823150663,400.40370415788084
"(114, 921.6315217817672)",51.83260893107496,45.13822535545266,0.5532859020128738,107.09885139166934,402.82687646085327
"(115, 921.6315217817672)",51.63482969764844,45.53717665403582,0.5581760838345453,109.18954308456985,405.24313048204937
"(116, 921.6315217817672)",51.43672968391077,45.93779671301429,0.5630867206385146,111.30646156629801,407.65200967088106
"(117, 921.6315217817672)",51.23833909883489,46.340057941587794,0.5680174742280378,113.44975278637764,410.0530563850446
"(118, 921.6315217817672)",51.039687847710944,46.74393249948609,0.5729680033484704,115.61956042373959,412.44581243457185
"(119, 921.6315217817672)",50.8408054566348,47.14939234714381,0.5779379643022902,117.81602593022473,414.82981960515167
"(120, 921.6315217817672)",50.64172099946038,47.55640929460656,0.5829270115485772,120.03928858153508,417.20462015967786
"(17, 921.8653809705295)",69.61187874808653,14.831776005367505,0.18180184313762113,2.363824256038792,165.23300112916877
"(18, 921.8653809705295)",69.38769925321544,15.074575977898325,0.18477798588033142,2.6618656452518774,167.67856270328696
"(19, 921.8653809705295)",69.16303658769932,15.321459461518613,0.1878041826315609,2.974895285643188,170.1552790838596
"(20, 921.8653809705295)",68.93854983149662,15.571815509237076,0.19087294465300736,3.3028113822762535,172.65634845723517
"(21, 921.8653809705295)",68.71477132556154,15.825132161364717,0.19397799655222572,3.6455256190446117,175.176074072473
"(22, 921.8653809705295)",68.49212776180549,16.080981060746158,0.1971140877024331,4.002961566760328,177.70969198770152
"(23, 921.8653809705295)",68.27095831784622,16.339004071340305,0.20027682821853615,4.3750533234541775,180.25322122179594
"(24, 921.8653809705295)",68.05152995543781,16.59890187324825,0.20346254915965348,4.761744356753635,182.8033360375454
"(25, 921.8653809705295)",67.83405015432447,16.86042437616827,0.20666818502117393,5.162986521545547,185.3572585974868
"(26, 921.8653809705295)",67.61867740886659,17.123362739316722,0.20989117591819667,5.578739230152533,187.91266962002828
"(27, 921.8653809705295)",67.40552981773907,17.38754277458954,0.21312938672419576,6.008968756162576,190.46763453235346
"(28, 921.8653809705295)",67.19469207440115,17.65281952006981,0.21638104055529622,6.453647656207351,193.02054273010043
"(29, 921.8653809705295)",66.98622113286768,17.919072791040826,0.21964466423640044,6.912754296659615,195.5700577777737
"(30, 921.8653809705295)",66.78015078709501,18.1862035392508,0.22291904367455487,7.386272473948029,198.11507664868162
"(31, 921.8653809705295)",66.57649536744424,18.454130874681386,0.22620318735300785,7.874191118588231,200.6546963673404
"(32, 921.8653809705295)",66.375252726068,18.722789625860827,0.22949629642651193,8.376504073758827,203.18818666279316
"(33, 921.8653809705295)",66.17640665392287,18.99212833500874,0.23279774014664886,8.89320993983531,205.71496746953346
"(34, 921.8653809705295)",65.97992884843971,19.26210760107717,0.2361070355514908,9.424311976539228,208.2345903019582
"(35, 921.8653809705295)",65.78578052840017,19.532698699569174,0.23942383054789904,9.9698180546755,210.74672270678695
"(36, 921.8653809705295)",65.59391377477833,19.80388242075708,0.24274788967089558,10.529740649538464,213.25113514171375
"(37, 921.8653809705295)",65.40427266042464,20.07564807926257,0.24607908194348227,11.104096868425154,215.74768975628126
"(38, 921.8653809705295)",65.21679421868022,20.347992657277466,0.24941737037459935,11.692908505036652,218.236330656011
"(39, 921.8653809705295)",65.03140928830415,20.620920052208657,0.252762802737068,12.29620211333375,220.71707532705224
"(40, 921.8653809705295)",64.84804326747701,20.89444040477366,0.25611550333165434,12.914009095806241,223.1900069554882
"(41, 921.8653809705295)",64.66661679530691,21.168569491070993,0.2594756655353221,13.546365798645956,225.65526746265542
"(42, 921.8653809705295)",64.48704637989852,21.44332816455712,0.2628435449612083,14.193313609821022,228.11305110148777
"(43, 921.8653809705295)",64.30924498247005,21.718741838746485,0.26621945311777584,14.854899054389174,230.56359851579526
"(44, 921.8653809705295)",64.13312257181012,21.994840002188052,0.2696037514636014,15.531173886859685,233.00719116721714
"(45, 921.8653809705295)",63.958586641636636,22.27165576375422,0.27299684583369205,16.222195170068883,235.44414611816052
"(46, 921.8653809705295)",63.78554270188225,22.549225422827217,0.27639918117103635,16.928025341803135,237.87481110837666
"(47, 921.8653809705295)",63.61389475789905,22.8275880600468,0.2798112365101112,17.648732275801976,240.2995598694266
"(48, 921.8653809705295)",63.44354575106323,23.106785152786944,0.2832335202636182,18.384389318015486,242.7187877434291
"(49, 921.8653809705295)",63.274397983474046,23.38686020984606,0.28666656574460553,19.13507531132747,245.13290753033664
"(50, 921.8653809705295)",63.10635351769099,23.66785842673971,0.2901109269412118,19.90087460262426,247.54234558574944
"(51, 921.8653809705295)",62.939314552690355,23.94982636098162,0.2935671745363976,20.681877032955022,249.94753816148307
"(52, 921.8653809705295)",62.773183775815745,24.232811627102883,0.29703589216960713,21.478177910843492,252.34892798601248
"(53, 921.8653809705295)",62.60786469055598,24.516862611175686,0.3005176729375205,22.289877969256406,254.74696108166793
"(54, 921.8653809705295)",62.443261920140095,24.80202820455964,0.30401311613042464,23.117083306758477,257.14208381485327
"(55, 921.8653809705295)",62.279281487152694,25.08835755648294,0.3075228241994545,23.959905313646058,259.5347401741172
"(56, 921.8653809705295)",62.115831069497816,25.375899845019322,0.3110473999493159,24.818460583941597,261.9253692702272
"(57, 921.8653809705295)",61.95282023324338,25.66470406590933,0.3145874439497613,25.692870814207932,264.31440305108384
"(58, 921.8653809705295)",61.7901606430324,25.954818838595006,0.31814355215801843,26.583262690172052,266.7022642232971
"(59, 921.8653809705295)",61.62776625085612,26.246292228773857,0.3217163137437443,27.489767762206,269.0893643716052
"(60, 921.8653809705295)",61.46555346413693,26.53917158669634,0.3253063091069418,28.412522310696357,271.4761022662914
"(61, 921.8653809705295)",61.303441294089716,26.833503400420373,0.3289141080792104,29.35166720229074,273.86286234873245
"(62, 921.8653809705295)",61.14135148543524,27.12933316317935,0.3325402682979922,30.307347738026444,276.2500133845443
"(63, 921.8653809705295)",60.97920862853903,27.426705254024743,0.3361853337435469,31.27971349427015,278.6379072739293
"(64, 921.8653809705295)",60.81694025508092,27.72566283089255,0.3398498334281996,32.268918157363856,281.0268780086944
"(65, 921.8653809705295)",60.65447691833769,28.02624773526124,0.34353428022767973,33.27511935282209,283.4172407657045
"(66, 921.8653809705295)",60.49175225913756,28.328500407584887,0.34723916984452874,34.29847846986389,285.80929112675295
"(67, 921.8653809705295)",60.32870305859487,28.63245981271733,0.35096497989398534,35.339160482029996,288.203304415253
"(68, 921.8653809705295)",60.165269278384706,28.938163374570266,0.35471216910305003,36.39733376453679,290.5995351405293
"(69, 921.8653809705295)",60.001394089884634,29.245646919300455,0.3584811766141021,37.47316990902512,292.9982165410978
"(70, 921.8653809705295)",59.83702389266286,29.554944626358925,0.3622724213848645,38.56684353627668,295.39956021879766
"(71, 921.8653809705295)",59.67210832339139,29.866088986771814,0.36608630167704664,39.67853210741148,297.80375585619134
"(72, 921.8653809705295)",59.50660025586038,30.179110768082264,0.36992319462660683,40.808415734095355,300.21097101019683
"(73, 921.8653809705295)",59.340455792791516,30.49403898542968,0.3737834558892571,41.956676988174266,302.6213509756568
"(74, 921.8653809705295)",59.17363425013088,30.81090087827081,0.3776674193551121,43.123500711187575,305.03501871276956
"(75, 921.8653809705295)",59.00609813437339,31.12972189231745,0.3815753969272994,44.30907382411354,307.45207483325237
"(76, 921.8653809705295)",58.83781311347577,31.45052566628681,0.38550767835954564,45.51358513774155,309.8725976402453
"(77, 921.8653809705295)",58.66874798183939,31.77333402311122,0.3894645311484256,46.73722516398839,312.29664321766364
"(78, 921.8653809705295)",58.49887461977447,32.09816696530318,0.39344620047655976,47.98018592847408,314.724245565257
"(79, 921.8653809705295)",58.32816794790178,32.425042674164985,0.3974529092029124,49.24266078467221,317.15541677551585
"(80, 921.8653809705295)",58.156605876759116,32.75397751263865,0.4014848578977305,50.52484422990811,319.5901472498821
"(81, 921.8653809705295)",57.98416925202016,33.0849860315338,0.4055422249189157,51.82693172348441,322.028405951028
"(82, 921.8653809705295)",57.81084179556287,33.41808097897368,0.4096251665276676,53.14911950719331,324.47014068895163
"(83, 921.8653809705295)",57.63661004267358,33.753273312865865,0.41373381704161494,54.491604428476364,326.91527843898336
"(84, 921.8653809705295)",57.46146327562748,34.09057221627429,0.4178682890229711,55.85458376647602,329.3637256891885
"(85, 921.8653809705295)",57.2853934538602,34.429985115543424,0.422028673500831,57.23825506128189,331.8153688160489
"(86, 921.8653809705295)",57.10839514096107,34.77151770106321,0.4262150402256637,58.64281594641348,334.27007448658753
"(87, 921.8653809705295)",56.93046542866634,35.11517395057526,0.4304274379550022,60.06846398512408,336.727690085433
"(88, 921.8653809705295)",56.751603858042294,35.46095615492707,0.4346658947691377,61.51539651041945,339.18804416582776
"(89, 921.8653809705295)",56.571812338052176,35.80886494618522,0.4389304184156175,62.98381046921297,341.6509469230541
"(90, 921.8653809705295)",56.391095061675024,36.15889932802019,0.44322099668190945,64.4739022708118,344.11619068949443
"(91, 921.8653809705295)",56.209458419754256,36.511056708303485,0.4475375977947385,65.98586763993102,346.58355044975116
"(92, 921.8653809705295)",56.02691091275065,36.86533293382112,0.45188017084570975,67.51990147451058,349.05278437519763
"(93, 921.8653809705295)",55.843463060576205,37.22172232703918,0.45624864624193384,69.07619770849747,351.52363437661126
"(94, 921.8653809705295)",55.65912731069479,37.58021772483484,0.46064293618079905,70.6549491798825,353.99582667381316
"(95, 921.8653809705295)",55.473917944645315,37.94081051912833,0.46506293514792707,72.2563475041327,356.46907238128375
"(96, 921.8653809705295)",55.28785098321649,38.30349069929944,0.4695085204372908,73.88058295329022,358.9430681085425
"(97, 921.8653809705295)",55.10094409040877,38.668246896341735,0.47397955269223857,75.52784434088788,361.4174965739838
"(98, 921.8653809705295)",54.913216476411975,39.03506642862479,0.4784758764665324,77.19831891292937,363.8920272310985
"(99, 921.8653809705295)",54.724688799783536,39.40393534917941,0.4829973208039297,78.89219224506726,366.36631690559244
"(100, 921.8653809705295)",54.53538306901722,39.7748384943997,0.4875436998351719,80.60964814620709,368.84001044212516
"(101, 921.8653809705295)",54.34532254370777,40.14775953405048,0.4921148133908758,82.35086856866894,371.3127413591518
"(102, 921.8653809705295)",54.15453163551588,40.5226810224537,0.4967104476290592,84.11603352508966,373.78413251051524
"(103, 921.8653809705295)",53.96303580913111,40.89958445073909,0.5013303756755977,85.90532101220522,376.25379675207824
"(104, 921.8653809705295)",53.770861483432874,41.278450300029974,0.505974358276085,87.71890694165236,378.72133761184983
"(105, 921.8653809705295)",53.57803593305211,41.65925809542515,0.5106421444575034,89.55696507790476,381.1863499620198
"(106, 921.8653809705295)",53.38458719053492,42.04198646063375,0.5153334721980959,91.41966698347652,383.64842069128696
"(107, 921.8653809705295)",53.19054394928855,42.426613173142876,0.5200480691033189,93.30718197146534,386.107129375454
"(108, 921.8653809705295)",52.99593546751339,42.813115219741206,0.5247856530866937,95.21967706554096,388.56204894509193
"(109, 921.8653809705295)",52.80079147329002,43.20146885228298,0.5295459330531479,97.15731696744291,391.01274634799177
"(110, 921.8653809705295)",52.60514207100454,43.59164964352115,0.5343286095834788,99.12026403204487,393.45878320508217
"(111, 921.8653809705295)",52.40901764927657,43.98363254287194,0.5391333756178782,101.1086782500313,395.89971645787153
"(112, 921.8653809705295)",52.212448790535156,44.37739193196509,0.5439599171368412,103.12271723822062,398.3350990058311
"(113, 921.8653809705295)",52.015466182410094,44.772901679823775,0.5488079138375456,105.16253623754223,400.7644803319483
"(114, 921.8653809705295)",51.81810053104921,45.170135197541875,0.5536770398040542,107.22828811869304,403.1874071149065
"(115, 921.8653809705295)",51.620382476505156,45.56906549230748,0.5585669641695246,109.32012339543738,405.6034238262535
"(116, 921.8653809705295)",51.42234251028316,45.969665220645986,0.5634773517688404,111.43819024556191,408.0120733110852
"(117, 921.8653809705295)",51.224010895157704,46.37190674074633,0.5684078637799451,113.58263453942409,410.4128973507198
"(118, 921.8653809705295)",51.02541758734393,46.77576216373773,0.5733581583525174,115.75359987608113,412.8054372061235
"(119, 921.8653809705295)",50.826592161075595,47.18120340381745,0.5783278912222577,117.95122762692966,415.1892341405599
"(120, 921.8653809705295)",50.6275637356695,47.58820222709279,0.5833167163096589,120.17565698680286,417.5638299204791
"(17, 922.1111308429588)",69.52984252141941,14.912518265848416,0.18279154873789666,2.4086238065780443,166.14549790865965
"(18, 922.1111308429588)",69.3096238771247,15.152417128407512,0.18573213086130866,2.707392191220532,168.5582730311732
"(19, 922.1111308429588)",69.08863081509531,15.396614663616312,0.18872540435563523,3.02116145526573,171.00463457390373
"(20, 922.1111308429588)",68.86754267698,15.644484830878186,0.1917636954770396,3.349827940121315,173.47761015083643
"(21, 922.1111308429588)",68.64691255108063,15.89550024550254,0.19484053974258334,3.6933017637934094,175.97132867229257
"(22, 922.1111308429588)",68.42718745676933,16.149217457896153,0.19795050154568658,4.051505183634498,178.48085564758944
"(23, 922.1111308429588)",68.2087259501657,16.405263961691738,0.2010890148499701,4.424371196885498,181.002047686517
"(24, 922.1111308429588)",67.99181312426113,16.663327004601875,0.2042522460658249,4.8118423490335145,183.53142724793855
"(25, 922.1111308429588)",67.77667321080071,16.92314409642129,0.2074369776956951,5.213869722722148,186.0660763589009
"(26, 922.1111308429588)",67.5634800472712,17.184495048110694,0.21064051075240442,5.630412083911847,188.6035474873262
"(27, 922.1111308429588)",67.35236570048043,17.44719534764037,0.21386058356297066,6.061435165780437,191.14178938620555
"(28, 922.1111308429588)",67.14342752800154,17.711090679213136,0.21709530458747808,6.50691107408103,193.67908573977496
"(29, 922.1111308429588)",66.93673393437808,17.976052405985502,0.2203430970481183,6.9668178003169965,196.21400459216318
"(30, 922.1111308429588)",66.73232904915565,18.24197385528625,0.22360265339492535,7.441138830985886,198.7453567504949
"(31, 922.1111308429588)",66.53023652338108,18.50876726560121,0.2268728978831561,7.929862842518358,201.2721615821378
"(32, 922.1111308429588)",66.33046261149953,18.77636127485399,0.23015295578567152,8.432983472393962,203.79361885398112
"(33, 922.1111308429588)",66.13299867989814,19.044698847431984,0.23344212798326336,8.95049915752658,206.3090854635071
"(34, 922.1111308429588)",65.93782325902271,19.3137355544177,0.23673986988443393,9.482413031337396,208.8180561034129
"(35, 922.1111308429588)",65.74490373561432,19.583438135941314,0.2400457738033049,10.028732871235203,211.32014706460336
"(36, 922.1111308429588)",65.55419776367394,19.853783287342146,0.24335955408087945,10.58947108845447,213.81508252650346
"(37, 922.1111308429588)",65.36565445739778,20.124756621825966,0.24668103436971942,11.164644752501694,216.30268280767106
"(38, 922.1111308429588)",65.17921541644465,20.396351771656658,0.25001013661671945,11.754275642920648,218.78285415492516
"(39, 922.1111308429588)",64.99481562159416,20.668569598180056,0.2533468713799014,12.358390320816566,221.25557974282995
"(40, 922.1111308429588)",64.81238423394413,20.94141748639888,0.256691329181613,12.977020215062018,223.72091161417737
"(41, 922.1111308429588)",64.63184531668439,21.214908707172626,0.26004367269061934,13.610201715584916,226.17896337771833
"(42, 922.1111308429588)",64.4531184989632,21.48906183263265,0.26340412955651155,14.257976269720228,228.62990350433986
"(43, 922.1111308429588)",64.27611959178917,21.763900195283895,0.26677298577958747,14.920390475926197,231.07394911964178
"(44, 922.1111308429588)",64.1007611707624,22.039451382003115,0.27015057950849203,15.597496174679174,233.51136019377705
"(45, 922.1111308429588)",63.92695311846989,22.315746760713427,0.2735372952384097,16.289350525926565,235.9424341140877
"(46, 922.1111308429588)",63.75460313799004,22.59282103404666,0.27693355833999184,16.99601607436558,238.3675005748888
"(47, 922.1111308429588)",63.58361725190752,22.870711815394955,0.2803398298628209,17.71756080925455,240.7869167258739
"(48, 922.1111308429588)",63.413900260404674,23.14945923136179,0.28375660166238625,18.45405819944201,243.20106264361598
"(49, 922.1111308429588)",63.2453561815482,23.429105544861535,0.2871843917802051,19.205587216990374,245.61033704790188
"(50, 922.1111308429588)",63.07788866486034,23.709694800119944,0.29062374009237846,19.972232343199313,248.01515328319394
"(51, 922.1111308429588)",62.9114013795996,23.99127248878903,0.29407520421696787,20.754083557746597,250.41593555563568
"(52, 922.1111308429588)",62.745798377660556,24.273885236819417,0.2975393556758038,21.551236311093163,252.81311542140762
"(53, 922.1111308429588)",62.580984431110146,24.5575805117253,0.30101677630628576,22.363791480574612,255.20712852191653
"(54, 922.1111308429588)",62.416865344518804,24.8424063498452,0.30450805491811445,23.19185531073823,257.5984115605941
"(55, 922.1111308429588)",62.25334824234208,25.128411103143648,0.30801378418998104,24.035539338733766,259.98739951590875
"(56, 922.1111308429588)",62.090341831854175,25.415643205023635,0.311534557798696,24.894960305596207,262.3745230828205
"(57, 922.1111308429588)",61.92775664221991,25.704150954524895,0.3150709677741323,25.77024005442826,264.7602063355623
"(58, 922.1111308429588)",61.765505240506414,25.993982318211962,0.3186236020708165,26.661505416425868,267.14486460235173
"(59, 922.1111308429588)",61.603502425480066,26.28518474901102,0.32219304234730517,27.56888808582787,269.528902542779
"(60, 922.1111308429588)",61.441665400216905,26.57780502116406,0.3257798619431243,28.49252448478327,271.91271241745403
"(61, 922.1111308429588)",61.27991392453587,26.871889080478077,0.32938462404318225,29.432555619158023,274.2966725395836
"(62, 922.1111308429588)",61.11817044839896,27.16748190897937,0.3330078800187544,30.389126926260207,276.68114589744977
"(63, 922.1111308429588)",60.95636022737564,27.46462740311009,0.3366501679344736,31.36238811540806,279.06647893712136
"(64, 922.1111308429588)",60.79441142132882,27.763368264580915,0.34031201121044125,32.352493002262456,281.45300049443915
"(65, 922.1111308429588)",60.63225517744333,28.06374590301921,0.34399391742893104,33.35959933772364,283.8410208657674
"(66, 922.1111308429588)",60.46982569865906,28.365800349587154,0.347696377275553,34.38386863221383,286.2308310073464
"(67, 922.1111308429588)",60.30706029867828,28.669570180750274,0.3514198636048404,35.42546597606285,288.6227018532749
"(68, 922.1111308429588)",60.14389944430463,28.975092451428527,0.35516483062084697,36.48455985666079,291.0168837427764
"(69, 922.1111308429588)",59.980286786468426,29.282402636816023,0.35893171316398964,37.56132197304105,293.41360594800597
"(70, 922.1111308429588)",59.816169180440745,29.59153458217624,0.3627209260956619,38.65592704843439,295.8130762940417
"(71, 922.1111308429588)",59.651496696328245,29.90252045997695,0.3665328637728533,39.76855264136197,298.215480863332
"(72, 922.1111308429588)",59.48622262052935,30.215390733792745,0.37036789960548255,40.899378955705465,300.62098377743746
"(73, 922.1111308429588)",59.32030344888417,30.530174128411723,0.37422638569036676,42.048588650279456,303.02972704993795
"(74, 922.1111308429588)",59.15369887218051,30.84689760568975,0.3781086525148712,43.216366648255786,305.4418305037394
"(75, 922.1111308429588)",58.986371754601514,31.165586345675973,0.3820150087257353,44.40289994686444,307.8573917482061
"(76, 922.1111308429588)",58.818288105678114,31.48626373261811,0.38594574095753625,45.608377427717436,310.27648621066
"(77, 922.1111308429588)",58.6494170462117,31.808951345500052,0.3899011137165279,46.83298966809967,312.69916721797694
"(78, 922.1111308429588)",58.47973076863282,32.13366895276236,0.3938813693162719,48.076928753532584,315.125466124668
"(79, 922.1111308429588)",58.30920449219005,32.4604345109538,0.39788672786076457,49.340388091919685,317.55539248317456
"(80, 922.1111308429588)",58.137816413322845,32.78926416703521,0.4019173872728458,50.62356222955037,319.98893425406095
"(81, 922.1111308429588)",57.96554765155518,33.12017226412677,0.4059735233646148,51.92664666924577,322.4260580527995
"(82, 922.1111308429588)",57.79238219121638,33.4531713504914,0.41005528994754675,53.24983769089547,324.8667094307743
"(83, 922.1111308429588)",57.618306819214304,33.788272191605714,0.41416281898047935,54.59333217466503,327.31081318853245
"(84, 922.1111308429588)",57.443311059179194,34.12548378513668,0.4182962207530422,55.95732742707526,329.7582737188484
"(85, 922.1111308429588)",57.26738710212989,34.46481337871244,0.4224555841038205,57.342021010317616,332.208975378579
"(86, 922.1111308429588)",57.09052973393679,34.80626649037059,0.4266409766705667,58.747610574792844,334.6627828868478
"(87, 922.1111308429588)",56.91273625974069,35.149846931560475,0.4308524451724713,60.174293695487975,337.11954174895345
"(88, 922.1111308429588)",56.73400642554712,35.495556832617716,0.43509001572237727,61.62226771206463,339.5790787041774
"(89, 922.1111308429588)",56.5543423371539,35.84339667062921,0.4393536941682157,63.09172957310911,342.0412021963757
"(90, 922.1111308429588)",56.37374837662122,36.1933652995871,0.44364346646260905,64.58287568469981,344.5057028662269
"(91, 922.1111308429588)",56.1922311164396,36.54545998275945,0.4479592990599008,66.09590176352809,346.9723540642162
"(92, 922.1111308429588)",56.00979923157691,36.89967642721766,0.4523011393391,67.63100269480947,349.4409123827267
"(93, 922.1111308429588)",55.82646340959329,37.256008820413285,0.45666891605239146,69.18837239518764,351.9111182067113
"(94, 922.1111308429588)",55.6422362589952,37.61444986874852,0.4610625397977545,70.76820368087813,354.382696281356
"(95, 922.1111308429588)",55.4571322160133,37.9749908380377,0.4654819035152274,72.370688141229,356.8553562961304
"(96, 922.1111308429588)",55.27116744998185,38.33762159580713,0.4699268830049819,73.99601601793934,359.32879348329135
"(97, 922.1111308429588)",55.08435976753096,38.702330655293565,0.4743973374670778,75.6443760901246,361.80268923053126
"(98, 922.1111308429588)",54.89672851575686,39.06910522110157,0.47889311006068974,77.31595556541119,364.27671170555294
"(99, 922.1111308429588)",54.708294484587356,39.437931236366985,0.4834140284826029,79.01093997727558,366.75051649216766
"(100, 922.1111308429588)",54.51907980852722,39.80879343136303,0.4879599055627281,80.7295130887863,369.2237472356843
"(101, 922.1111308429588)",54.32910786799812,40.18167537340206,0.4925305398759244,82.47185680291547,371.6960362967662
"(102, 922.1111308429588)",54.13840319045642,40.55655951794159,0.4971257163682972,84.23815107960101,374.16700541188555
"(103, 922.1111308429588)",53.94699135151266,40.93342726074234,0.5017452069967852,86.02857385968177,376.6362663591583
"(104, 922.1111308429588)",53.75489887624044,41.312258990980176,0.5063887713798596,87.84330099585625,379.1034216274026
"(105, 922.1111308429588)",53.56215314088151,41.69303414514531,0.5110561574584488,89.6825061907908,381.5680650874766
"(106, 922.1111308429588)",53.368782275136645,42.075731261617115,0.5157471021647908,91.54636094247891,384.0297826636754
"(107, 922.1111308429588)",53.1748150652566,42.46032803575054,0.520461332097648,93.43503449695159,386.48815300364333
"(108, 922.1111308429588)",52.980280858094794,42.84680137534231,0.5251985642022802,95.34869380843877,388.94274814522413
"(109, 922.1111308429588)",52.785209466320715,43.23512745632886,0.5299585064530407,97.28750350702734,391.3931341782315
"(110, 922.1111308429588)",52.58963107497273,43.62528177855515,0.5347408585370514,99.25162587390189,393.8388718996333
"(111, 922.1111308429588)",52.39357614949735,44.01723922148273,0.5395453125370266,101.24122082417844,396.2795174603569
"(112, 922.1111308429588)",52.197075345454856,44.41097409967412,0.5443715536114032,103.25644589740457,398.71462300194474
"(113, 922.1111308429588)",52.00015942001688,44.80646021792057,0.5492192606699675,105.29745625570044,401.14373728141703
"(114, 922.1111308429588)",51.802859145407645,45.20367092585109,0.5540881070434317,107.36440468957461,403.5664062828786
"(115, 922.1111308429588)",51.60520522439443,45.602579171906235,0.5589777611448448,109.4574416313935,405.98217381394466
"(116, 922.1111308429588)",51.407228207955164,46.00315755651836,0.5638878871214624,111.57671517649193,408.3905820857264
"(117, 922.1111308429588)",51.20895841520749,46.40537838437231,0.56881814549549,113.7223711118815,410.79117227495954
"(118, 922.1111308429588)",51.01042585568084,46.809213715634904,0.5737681937918695,115.89455295253264,413.18348506661005
"(119, 922.1111308429588)",50.811660154011555,47.214635416012605,0.5787376871519341,118.0934019851673,415.5670611759411
"(120, 922.1111308429588)",50.6126904771117,47.62161520553621,0.583726278931409,120.31905731949732,417.94144184869674
"(17, 922.3678391856132)",69.44520487148576,14.996187455783874,0.18381713144212636,2.4556797376761184,167.0913305958958
"(18, 922.3678391856132)",69.22899138090477,15.23314623356349,0.1867216752089933,2.7551983449555455,169.47086974668147
"(19, 922.3678391856132)",69.01171901667352,15.474614505976186,0.18968149451640395,3.069731693250076,171.88637853734318
"(20, 922.3678391856132)",68.79408510145335,15.719952758125453,0.19268875045236,3.3991741322540996,174.33073225786507
"(21, 922.3678391856132)",68.57666169906915,15.96861942451499,0.19573680472853983,3.743434097707488,176.7978995288521
"(22, 922.3678391856132)",68.35991481578868,16.220156895609552,0.1988200481544538,4.102432428884949,179.28278577411817
"(23, 922.3678391856132)",68.14422137448133,16.47417898770574,0.20193374704823622,4.476100929035666,181.78109299450017
"(24, 922.3678391856132)",67.9298838531276,16.730360018780008,0.20507390933287112,4.864381138902631,184.28919748580404
"(25, 922.3678391856132)",67.71714269397222,16.98842545537589,0.20823716988954805,5.267223295987127,186.80404513316276
"(26, 922.3678391856132)",67.50618669352336,17.2481440055094,0.21142069363574037,5.684585455734974,189.32306289218639
"(27, 922.3678391856132)",67.29716162269932,17.509320994351448,0.2146220943270286,6.116432754573581,191.84408463133866
"(28, 922.3678391856132)",67.09017733004502,17.771792850287436,0.21783936696947373,6.562736797995992,194.36528940319934
"(29, 922.3678391856132)",66.8853135657859,18.035422535589284,0.22107083181065731,7.023475159400063,196.88515028476206
"(30, 922.3678391856132)",66.68262474113256,18.30009577000807,0.22431508805003933,7.498630977559465,199.4023920838859
"(31, 922.3678391856132)",66.48214381127534,18.56571791256713,0.2275709756172413,7.988192641851701,201.915956399585
"(32, 922.3678391856132)",66.28388544389774,18.832211384814958,0.23083754358733993,8.492153555361115,204.42497272620844
"(33, 922.3678391856132)",66.08784861124423,19.099513535305302,0.23411402400453277,9.01051196663822,206.92873447747144
"(34, 922.3678391856132)",65.89401872087437,19.367574861047625,0.23739981008141614,9.543270861278915,209.42667898659184
"(35, 922.3678391856132)",65.70236938085336,19.63635751541499,0.24069443790951342,10.090437904775332,211.9183706938183
"(36, 922.3678391856132)",65.51286387752664,19.905834044490234,0.24399757096994393,10.652025428468878,214.40348687361663
"(37, 922.3678391856132)",65.32545642916395,20.175986304487207,0.2473089868635934,11.228050450656477,216.88180537389937
"(38, 922.3678391856132)",65.14009326613274,20.44680452205873,0.2506285657927768,11.818534725463804,219.35319394300907
"(39, 922.3678391856132)",64.95671357589222,20.71828646758227,0.253956280427685,12.423504811820486,221.81760081387893
"(40, 922.3678391856132)",64.77525034646415,20.99043671678063,0.2572921868556622,13.042992157396803,224.27504627200136
"(41, 922.3678391856132)",64.59563112778721,21.26326598345119,0.2606364164020547,13.677033189844185,226.72561502000073
"(42, 922.3678391856132)",64.41777873090304,21.536790508578324,0.26398916814219814,14.325669411253068,229.16944917647376
"(43, 922.3678391856132)",64.24161187537312,21.811031495959107,0.2673507019835766,14.98894749013391,231.60674180321445
"(44, 922.3678391856132)",64.06704580007747,22.086014585302443,0.27072133220723904,15.666919350707115,234.03773085873453
"(45, 922.3678391856132)",63.89399283056046,22.36176936029172,0.27410142143788313,16.359642248811422,236.46269356055393
"(46, 922.3678391856132)",63.72236291473446,22.63832888568166,0.27749137496974363,17.067178835734044,238.88194108775318
"(47, 922.3678391856132)",63.5520641417006,22.915729268609677,0.2808916353893358,17.78959721672277,241.29581356265206
"(48, 922.3678391856132)",63.383003217402674,23.194009247922512,0.2843026775416085,18.526970984701002,243.70467537403658
"(49, 922.3678391856132)",63.21508592054612,23.473209805613433,0.2877250037670646,19.279379242694155,246.10891076160564
"(50, 922.3678391856132)",63.04821753011262,23.753373801418878,0.29115913942282123,20.046906608723752,248.50891967984657
"(51, 922.3678391856132)",62.88230322602939,24.03454562968518,0.29460562867661677,20.829643203881847,250.90511393048826
"(52, 922.3678391856132)",62.717248463135654,24.316770897985062,0.29806503056742206,21.627684623740482,253.29791355752636
"(53, 922.3678391856132)",62.55295931859527,24.600096127018244,0.3015379153269645,22.441131893503737,255.6877434991629
"(54, 922.3678391856132)",62.389342813022616,24.884568471311066,0.3050248609560643,23.270091407480333,258.07503049045675
"(55, 922.3678391856132)",62.22630720575243,25.17023546014377,0.30852645004927765,24.114674853667296,260.46020020989295
"(56, 922.3678391856132)",62.06376226482751,25.45714475811081,0.3120432668596744,24.974999124293294,262.8436746614843
"(57, 922.3678391856132)",61.90161951240055,25.7453439446128,0.31557589459608687,25.851186213301347,265.2258697843581
"(58, 922.3678391856132)",61.73979244641822,26.03488031152948,0.3191249129430327,26.743363101757698,267.60719327980433
"(59, 922.3678391856132)",61.578196739531,26.325800678264887,0.32269089579361204,27.651661632219852,269.98804264580394
"(60, 922.3678391856132)",61.41675041630117,26.618151223294863,0.32627440918469236,28.576218373081655,272.3688034081656
"(61, 922.3678391856132)",61.25537400978754,26.911977331346332,0.32987600942368994,29.517174473895118,274.74984753740677
"(62, 922.3678391856132)",61.0939906986906,27.20732345528485,0.33349624139564904,30.474675512676605,277.1315320399518
"(63, 922.3678391856132)",60.93252642621769,27.504232991806322,0.3371356370395166,31.448871336087066,279.51419771251705
"(64, 922.3678391856132)",60.770910001847646,27.8027481700245,0.34079471398249234,32.43991589340098,281.89816804850955
"(65, 922.3678391856132)",60.609073187140574,28.10290995207387,0.34447397432166493,33.44796706512196,284.28374828563256
"(66, 922.3678391856132)",60.44695076672813,28.40475794485641,0.3481739035422402,34.47318648696411,286.6712245841121
"(67, 922.3678391856132)",60.284480605624594,28.708330322123516,0.3518949695624418,35.51573937000826,289.06086332558834
"(68, 922.3678391856132)",60.12160369368205,29.013663756080046,0.3556376218951588,36.57579431763708,291.45291052291066
"(69, 922.3678391856132)",59.95826417854459,29.320793357800476,0.3594022909175793,37.653523139941484,293.84759133206524
"(70, 922.3678391856132)",59.79440938763504,29.629752625734703,0.36318938724000105,38.749100666103956,296.2451096576027
"(71, 922.3678391856132)",59.62998984025289,29.94057340167728,0.36699930116611396,39.86270455535863,298.64564784386
"(72, 922.3678391856132)",59.46495925052156,30.25328583358554,0.3708324022372454,40.99451510694642,301.0493664446318
"(73, 922.3678391856132)",59.29927452190433,30.567918344709014,0.3746890388539648,42.14471506959653,303.4564040646693
"(74, 922.3678391856132)",59.132895733950704,30.884497608535167,0.3785695379689657,43.31348945086148,305.86687726706936
"(75, 922.3678391856132)",58.96578612190804,31.203048529083432,0.38247420484553535,44.501025326770325,308.2808805408417
"(76, 922.3678391856132)",58.79791204972338,31.5235942261528,0.3864033228767121,45.70751165210149,310.6984863238323
"(77, 922.3678391856132)",58.629242976947786,31.846156025151117,0.39035715346061917,46.93313907164076,313.11974507647733
"(78, 922.3678391856132)",58.45975142000074,32.17075345117581,0.3943359359279151,48.17809973273092,315.54468540233654
"(79, 922.3678391856132)",58.28941290817737,32.49740422706873,0.39833988751794547,49.44258709940844,317.9733142119591
"(80, 922.3678391856132)",58.1182059348018,32.826124275169995,0.4023692034002423,50.72679576841765,320.4056169267003
"(81, 922.3678391856132)",57.94611190383048,33.15692772255948,0.40642405673877197,52.03092128737327,322.84155771981887
"(82, 922.3678391856132)",57.773115072208775,33.489826909585005,0.4105045987964697,53.35515997532224,325.2810797923346
"(83, 922.3678391856132)",57.59920248828096,33.82483240148986,0.4146109590777659,54.69970874598652,327.7241056812471
"(84, 922.3678391856132)",57.424363926463066,34.1619530030064,0.4187432455074687,56.06476493390015,330.1705375983945
"(85, 922.3678391856132)",57.24859181845119,34.50119577576006,0.42290154464409435,57.45052612374899,332.62025779788246
"(86, 922.3678391856132)",57.071881181150935,34.842566058378026,0.4270859219263491,58.85718998306297,335.0731289707391
"(87, 922.3678391856132)",56.89422954155208,35.18606748918527,0.4312964219513332,60.2849540985021,337.5289946652356
"(88, 922.3678391856132)",56.715636858720416,35.53170203140097,0.4355330687833859,61.73401581618394,339.9876797314268
"(89, 922.3678391856132)",56.53610544312681,35.87947000072948,0.43979586629228007,63.20457208594273,342.44899078883253
"(90, 922.3678391856132)",56.35563987345509,36.2293700952812,0.44408479851998506,64.69681931000163,344.9127167160554
"(91, 922.3678391856132)",56.17424691110915,36.581399427723085,0.4483998300747548,66.2109531962077,347.37862916104007
"(92, 922.3678391856132)",55.991935412564736,36.93555355959604,0.4527409065517738,67.74716861701904,349.8464830700762
"(93, 922.3678391856132)",55.80871623977196,37.29182653770725,0.4571079549792354,69.30565946762468,352.31601724112727
"(94, 922.3678391856132)",55.624602168771474,37.65021093252553,0.4615008842889936,70.88661854401984,354.78695487986886
"(95, 922.3678391856132)",55.43960779672381,38.0106978784906,0.46591958581063186,72.4902374068793,357.25900419152913
"(96, 922.3678391856132)",55.253749447527575,38.37327711615251,0.47036393378800934,74.1167062658232,359.73185897306774
"(97, 922.3678391856132)",55.067045076215656,38.73793703605313,0.4748337859171376,75.76621386362467,362.2051992250896
"(98, 922.3678391856132)",54.87951417235071,39.10466472423849,0.47932898390405276,77.43894736746464,364.67869177515206
"(99, 922.3678391856132)",54.69117766256939,39.47344600932282,0.4838493540417314,79.13509226640713,367.1519909124194
"(100, 922.3678391856132)",54.50205781251669,39.844265510981415,0.48839470780436167,80.85483227529575,369.62473903190227
"(101, 922.3678391856132)",54.312178128361495,40.21710668974842,0.49296484245802136,82.59834924523035,372.0965672872511
"(102, 922.3678391856132)",54.12156325807988,40.59195189803342,0.4975595416857385,84.36582308077962,374.56709625007903
"(103, 922.3678391856132)",53.93023889273027,40.9687824321965,0.5021785762259434,86.15743166408396,377.0359365747472
"(104, 922.3678391856132)",53.738231667919884,41.34757858556767,0.5068217045223393,87.97335078598367,379.5026896666558
"(105, 922.3678391856132)",53.545569065647946,41.72831970227863,0.5114886733837407,89.81375408429716,381.9669483525796
"(106, 922.3678391856132)",53.35227931674827,42.110984231755936,0.5161792186520333,91.67881298934131,384.42829755125285
"(107, 922.3678391856132)",53.15839130410947,42.495549783739946,0.5208930658765745,93.56869667683112,386.8863149425141
"(108, 922.3678391856132)",52.963934466862376,42.88199318368445,0.525629930993258,95.48357202820311,389.3405716333313
"(109, 922.3678391856132)",52.76893870572877,43.270290528382894,0.5303895210063542,97.42360359845597,391.7906328188674
"(110, 922.3678391856132)",52.57343428969197,43.66041724167921,0.5351715346713944,99.38895359155816,394.23605843694446
"(111, 922.3678391856132)",52.37745176417099,44.052348130107575,0.5399756631771825,101.37978184347031,396.676403814086
"(112, 922.3678391856132)",52.18102186084409,44.44605743831722,0.5448015908251622,103.3962458128054,399.1112203014841
"(113, 922.3678391856132)",51.98417540926585,44.841518904136976,0.5496489957043835,105.43850057915247,401.54005589924213
"(114, 922.3678391856132)",51.78694325043075,45.23870581312623,0.5545175503601623,107.50669884905842,403.96245586714394
"(115, 922.3678391856132)",51.58935615238194,45.63759105248289,0.5594069224548579,109.60099096967517,406.377963320486
"(116, 922.3678391856132)",51.391444727992514,46.03814716416388,0.5643167754190138,111.72152495002649,408.7861198094023
"(117, 922.3678391856132)",51.193239355012864,46.44034639708666,0.5692467690912099,113.86844648989066,411.1864658801603
"(118, 922.3678391856132)",50.99477009845468,46.84416075829331,0.5741965603452209,116.04189901623988,413.57854161719314
"(119, 922.3678391856132)",50.79606663540257,47.24956206294622,0.5791658037028343,118.24202372718551,415.9618871643967
"(120, 922.3678391856132)",50.59715818229108,47.656521983051164,0.5841541519310879,120.46895964337881,418.33604322460315
"(17, 922.63453221582)",69.35838409907676,15.082404178027142,0.18487394075528166,2.504843600501399,168.0662382471431
"(18, 922.63453221582)",69.14619526585415,15.316401742378773,0.18774218717927307,2.8051319639744876,170.41229308134905
"(19, 922.63453221582)",68.93267191643487,15.555113786003426,0.19066822176167178,3.1204501488681493,172.79663544463412
"(20, 922.63453221582)",68.71852696323326,15.797889028366425,0.1936440613721015,3.4506903944835594,175.21200758593685
"(21, 922.63453221582)",68.50434954573286,16.044173069701337,0.19666291040500644,3.79575934468807,177.65223300103676
"(22, 922.63453221582)",68.29062316174972,16.293495189297293,0.19971899895846765,4.155576320973394,180.11206885768422
"(23, 922.63453221582)",68.0777419444755,16.545456329044228,0.20280743554141614,4.530071842741553,182.58707157790298
"(24, 922.63453221582)",67.86602486934946,16.79971848555297,0.20592407704656726,4.9191863656500345,185.07347813218402
"(25, 922.63453221582)",67.65572791573584,17.05599553676587,0.20906541630678227,5.322869210550271,187.56810336616346
"(26, 922.63453221582)",67.44705433418338,17.31404542239318,0.21222848624604693,5.741077658981479,190.0682524715116
"(27, 922.63453221582)",67.24016322622808,17.573663546461862,0.21541077901061925,6.17377619459765,192.5716471321104
"(28, 922.63453221582)",67.03517665992456,17.83467725165051,0.21861017823767878,6.620935873168831,195.07636366276896
"(29, 922.63453221582)",66.83218553844912,18.09694121476757,0.2218249026149874,7.0825338064588115,197.5807814515399
"(30, 922.63453221582)",66.63125442242976,18.360333621845548,0.22505345899676463,7.558552747243259,200.08354011778889
"(31, 922.63453221582)",66.43242548518782,18.624752994932628,0.22829460350778816,8.048980764253407,202.5835039505508
"(32, 922.63453221582)",66.23572175672305,18.89011555823088,0.23154730925859582,8.553810996770896,205.07973236686547
"(33, 922.63453221582)",66.04114979068227,19.15635304611397,0.2348107394770635,9.073041479305715,207.57145529736553
"(34, 922.63453221582)",65.84870186712963,19.423410870439366,0.23808422504407356,9.606675027254466,210.05805257425035
"(35, 922.63453221582)",65.65835782548886,19.691246577618397,0.24136724558089934,10.154719174824939,212.53903654392903
"(36, 922.63453221582)",65.47008660515907,19.959828537876888,0.24465941338270805,10.717186156741338,215.01403726181044
"(37, 922.63453221582)",65.28384755686457,20.229134819486774,0.24796045961935007,11.294092925770128,217.48278974314866
"(38, 922.63453221582)",65.09959157535813,20.499152209782523,0.2512702223353714,11.88546119843709,219.94512284572335
"(39, 922.63453221582)",64.91726209199702,20.76987535286936,0.25458863588041203,12.491317521254738,222.4009494517329
"(40, 922.63453221582)",64.73679596112206,21.041305979173156,0.25791572146532,13.111693352174584,224.85025767308665
"(41, 922.63453221582)",64.55812425999282,21.31345220933673,0.2612515786296142,13.74662514961642,227.29310288996214
"(42, 922.63453221582)",64.38117302254243,21.586327917487097,0.2645963774366665,14.39615446488252,229.7296004573968
"(43, 922.63453221582)",64.2058639177154,21.859952143739182,0.2679503512724194,15.060328032239575,232.1599189710537
"(44, 922.63453221582)",64.03211488796731,22.134348546598837,0.27131379013315327,15.73919785648484,234.5842739867182
"(45, 922.63453221582)",63.85984074123956,22.409544892582286,0.2746870343694767,16.43282128719575,237.00292217403725
"(46, 922.63453221582)",63.68895370866357,22.685572576838144,0.27807046881027636,17.141261080991537,239.41615583281154
"(47, 922.63453221582)",63.51936398308017,22.962466169752712,0.28146451720519333,17.8645854586409,241.82429770832425
"(48, 922.63453221582)",63.35098021212461,23.240262993196577,0.28486963703046536,18.602868137384768,244.22769616670908
"(49, 922.63453221582)",63.183709969769,23.519002720271775,0.28828631458276727,19.35618835207208,246.6267206472221
"(50, 922.63453221582)",63.01746019774339,23.798726999497568,0.2917150603725388,20.124630858850164,249.02175740827687
"(51, 922.63453221582)",62.85213761861428,24.079479102379786,0.29515640480426925,20.90828592209337,251.41320555499678
"(52, 922.63453221582)",62.68764912082745,24.361303593741503,0.29861089413530834,21.70724928476485,253.80147334031307
"(53, 922.63453221582)",62.523902116014156,24.64424602421714,0.3020790867066963,22.52162212254494,256.18697473326995
"(54, 922.63453221582)",62.360804868975876,24.928352644326097,0.30556154943838104,23.351510982419803,258.57012624680203
"(55, 922.63453221582)",62.19826680086157,25.213670139493352,0.3090588545812092,24.19702770637251,260.95134401731855
"(56, 922.63453221582)",62.03619876627318,25.500245385291965,0.3125715767167737,25.058289341156964,263.3310411268848
"(57, 922.63453221582)",61.87451330502324,25.788125222193536,0.31610028999641765,25.935418035044062,265.7096251590857
"(58, 922.63453221582)",61.71312486955857,26.07735624896717,0.3196455656087934,26.82854092256442,268.08749597776585
"(59, 922.63453221582)",61.55195002902491,26.367984633889108,0.3232079694657417,27.73778999826249,270.4650437181871
"(60, 922.63453221582)",61.39090765110707,26.660055942845876,0.32678806009526135,28.663301980483464,272.8426469792233
"(61, 922.63453221582)",61.229919062826305,26.953614983392598,0.3303863867300352,29.605218166201865,275.2206712049391
"(62, 922.63453221582)",61.06890819146617,27.248705663838372,0.3340034875801534,30.563684277855792,277.5994672441115
"(63, 922.63453221582)",60.90780168688618,27.545370866391544,0.3376398882781846,31.538850303128868,279.9793700758156
"(64, 922.63453221582)",60.74652902639043,27.84365233345438,0.3412961004854206,32.53087032855277,282.3606976898967
"(65, 922.63453221582)",60.58502260338435,28.14359056613257,0.34497262064784756,33.53990236777368,284.74375011091865
"(66, 922.63453221582)",60.423217800797204,28.445224734092537,0.3486699288939665,34.56610818527149,287.12880855753644
"(67, 922.63453221582)",60.2610530514155,28.748592595922783,0.3523884880448494,35.60965311623281,289.51613470926685
"(68, 922.63453221582)",60.09846988315964,29.05373042914974,0.35612874278383905,36.67070588328399,291.9059701236914
"(69, 922.63453221582)",59.935412955314554,29.360672969243357,0.3598911188813588,37.74943841067264,294.2985357070579
"(70, 922.63453221582)",59.77183008165658,29.669453356800787,0.3636760225612936,38.84602563650422,296.69403131744485
"(71, 922.63453221582)",59.60767224432789,29.980103092320423,0.3674838399438683,39.96064532354811,299.09263543993603
"(72, 922.63453221582)",59.44289359829779,30.29265199792095,0.37131493657641407,41.093477869064856,301.49450494386184
"(73, 922.63453221582)",59.27745146725545,30.607128185470028,0.37516965704270305,42.24470611418967,303.89977491297424
"(74, 922.63453221582)",59.11130633164009,30.923558030602127,0.3790483246444761,43.414515153184276,306.30855854236216
"(75, 922.63453221582)",58.94442180942506,31.24196615216523,0.382951241149499,44.603092143024575,308.7209470964111
"(76, 922.63453221582)",58.776764630198706,31.562375396689575,0.38687868660119457,45.810626113616166,311.13700992294775
"(77, 922.63453221582)",58.60830460307018,31.88480682749691,0.39083091918514556,47.037307779032446,313.55679451883327
"(78, 922.63453221582)",58.439014578846944,32.2092797181239,0.39480817514848027,48.283329350033256,315.9803266430663
"(79, 922.63453221582)",58.268870406895,32.53581154976634,0.39881066876854376,49.54888434819248,318.40761047375116
"(80, 922.63453221582)",58.097850887079815,32.86441801247059,0.40283859236750874,50.83416742192995,320.83862880554585
"(81, 922.63453221582)",57.92593771708507,33.19511300986271,0.4068921163703342,52.1393741646714,323.2733432849768
"(82, 922.63453221582)",57.75311543544683,33.527908667196655,0.4109713894034218,53.4647009354559,325.71169468085577
"(83, 922.63453221582)",57.579371360577134,33.862815342545474,0.4150765384317967,54.81034468220545,328.1536031875771
"(84, 922.63453221582)",57.40469552601943,34.199841640985795,0.41920766893296696,56.176502767904616,330.5989687593477
"(85, 922.63453221582)",57.229080612174556,34.53899443163508,0.42336486510576415,57.56337280001433,333.0476714734561
"(86, 922.63453221582)",57.052521874735916,34.880278867409515,0.42754819011253004,58.97115246321202,335.49957192098253
"(87, 922.63453221582)",56.87501707000141,35.22369840741258,0.4317576863535341,60.40003935575648,337.9545116236212
"(88, 922.63453221582)",56.69656637730846,35.56925484182921,0.4359933757721359,61.85023082990149,340.41231347481937
"(89, 922.63453221582)",56.51717231873744,35.916948319256896,0.4402552601897818,63.32192383623841,342.87278220451503
"(90, 922.63453221582)",56.33683967629456,36.26677737637379,0.44454332166966964,64.81531477247549,345.3357048658869
"(91, 922.63453221582)",56.15557540674814,36.61873896986596,0.4488575229081048,66.33059933675982,347.8008513431112
"(92, 922.63453221582)",55.97338855430128,36.97282851053228,0.45319780765253354,67.86797238679912,350.2679748779313
"(93, 922.63453221582)",55.790290161283764,37.3290398994857,0.45756410114529206,69.42762779807393,352.7368126208647
"(94, 922.63453221582)",55.60629317704556,37.68736556636925,0.4619563105920529,71.0097583420703,355.20708618517443
"(95, 922.63453221582)",55.421412365234865,38.047796509505325,0.4663743256539199,72.61455555025783,357.678502236915
"(96, 922.63453221582)",55.23566420965873,38.4103223378827,0.47081801896213477,74.2422095985007,360.15075308540764
"(97, 922.63453221582)",55.04906681891,38.774931314896214,0.47528724665419325,75.89290919141607,362.6235172935206
"(98, 922.63453221582)",54.86163982996259,39.141610403736465,0.4797818489302151,77.56684145376347,365.0964602996067
"(99, 922.63453221582)",54.67340431091888,39.51034531433356,0.4843016506283721,79.26419182808955,367.569235050768
"(100, 922.63453221582)",54.484382663141545,39.88112055173223,0.48884646181783853,80.98514397877196,370.04148264588815
"(101, 922.63453221582)",54.29459852293447,40.25391946580056,0.4934160784081107,82.72987970266074,372.5128329871708
"(102, 922.63453221582)",54.104076663004385,40.628724302140135,0.4980102827730346,84.49857884645962,374.9829054385074
"(103, 922.63453221582)",53.91284289390011,41.005516254074294,0.5026288443880594,86.2914192309984,377.451309489157
"(104, 922.63453221582)",53.72092396562849,41.38427551558568,0.5072715204791296,88.10857658253622,379.9176454211333
"(105, 922.63453221582)",53.5283474696566,41.76498133506406,0.5119380566814933,89.95022447120417,382.3815049786013
"(106, 922.63453221582)",53.3351417414938,42.14761206972605,0.5166281877067647,91.81653425672474,384.8424720376129
"(107, 922.63453221582)",53.14133576405357,42.53214524056118,0.5213416380164302,93.7076750414719,387.30012327444643
"(108, 922.63453221582)",52.94695907198515,42.918557587657915,0.5260781225000059,95.62381363098554,389.7540288307842
"(109, 922.63453221582)",52.75204165714562,43.30682512576665,0.5308373471561202,97.56511450198936,392.20375297408435
"(110, 922.63453221582)",52.55661387541247,43.696923199938894,0.5356190097745185,99.5317397779833,394.6488547512302
"(111, 922.63453221582)",52.36070635497777,44.08882654110832,0.5404228006172757,101.52384921244702,397.0888886338364
"(112, 922.63453221582)",52.16434990630233,44.48250932144654,0.5452484030974324,103.54160017968023,399.52340515354217
"(113, 922.63453221582)",51.96757543386044,44.87794520936233,0.5500954944531703,105.58514767330598,401.951951525525
"(114, 922.63453221582)",51.77041384982228,45.275107423994946,0.5549637464156258,107.65464431243491,404.374072258485
"(115, 922.63453221582)",51.57289598978695,45.67396878905491,0.5598528258689582,109.75024035548043,406.7893097498308
"(116, 922.63453221582)",51.37505253068449,46.074501785881424,0.5647623955006839,111.87208372160858,409.1972048642508
"(117, 922.63453221582)",51.17691391093918,46.476678605581974,0.5696921144407718,114.02032001978382,411.5972974943191
"(118, 922.63453221582)",50.97851025297734,46.88047120012924,0.5746416388879743,116.19509258537792,413.98912710176035
"(119, 922.63453221582)",50.779871288153274,47.28585133229326,0.5796106227218811,118.39654252428141,416.3722332380415
"(120, 922.63453221582)",50.58102628413976,47.69279062430036,0.5845987180993486,120.62480876445943,418.74615604310105
"(17, 922.9101982755661)",69.26979309852427,15.170788096146284,0.18595731466896254,2.5559566027090237,169.06594554921503
"(18, 922.9101982755661)",69.06162556880392,15.401819881828413,0.18878920779121505,2.857030607138957,171.3784545877384
"(19, 922.9101982755661)",68.85185834057131,15.637764056978028,0.19168131497408145,3.1731507014507976,173.73148970699995
"(20, 922.9101982755661)",68.64121748685001,15.877959322159843,0.1946255302795961,3.504206906623743,176.11767983320547
"(21, 922.9101982755661)",68.43030724211457,16.12183985630813,0.19761491810459383,3.8501039737956826,178.5307192763248
"(22, 922.9101982755661)",68.21962700353856,16.368922953890856,0.20064356164212016,4.210759612832375,180.96522964501253
"(23, 922.9101982755661)",68.00958676945153,16.618797605832206,0.20370642351704168,4.586102974236014,183.41663274388338
"(24, 922.9101982755661)",67.80052125284048,16.87111407173867,0.20679921493671152,4.976073351588219,185.88103110888363
"(25, 922.9101982755661)",67.59270095233528,17.125575284144947,0.2099182963876289,5.380619080006144,188.35511746076952
"(26, 922.9101982755661)",67.38634304614766,17.381928788486782,0.21306057277902393,5.799696605395392,190.83607886279927
"(27, 922.9101982755661)",67.18161949971751,17.63996037870408,0.21622341846063853,6.233269703660753,193.32152829966785
"(28, 922.9101982755661)",66.97866424385988,17.899488545055725,0.2194046085603126,6.68130883205784,195.80944195691325
"(29, 922.9101982755661)",66.7775790646221,18.16035985136361,0.2226022623201407,7.143790597467719,198.2981074570029
"(30, 922.9101982755661)",66.57843847004719,18.42244507506882,0.22581479578285654,7.620697328436015,200.7860806210766
"(31, 922.9101982755661)",66.38129370287672,18.685635989661385,0.22904088235217152,8.1120167393122,203.27214940554103
"(32, 922.9101982755661)",66.18617604830061,18.94984268207901,0.2322794199105473,8.61774167585182,205.75530380912485
"(33, 922.9101982755661)",65.9930995666366,19.214991310801395,0.23552950333883685,9.137869932403845,208.2347106937877
"(34, 922.9101982755661)",65.80206336080509,19.48102222418466,0.23879040145159017,9.67240413131219,210.7096926186769
"(35, 922.9101982755661)",65.61305347133514,19.747888370686272,0.24206153751024245,10.221351655516731,213.1797099229495
"(36, 922.9101982755661)",65.42604447534276,20.015553944158356,0.2453424726176842,10.784724625770675,215.64434542323391
"(37, 922.9101982755661)",65.24100085206045,20.283993217323264,0.24863289141946765,11.362539914282127,218.10329120348607
"(38, 922.9101982755661)",65.05787816530218,20.55318952538851,0.25193258964538373,11.954819187076534,220.55633707462138
"(39, 922.9101982755661)",64.8766241014976,20.82313436961725,0.255241463121395,12.56158896722581,223.00336037028646
"(40, 922.9101982755661)",64.69717939728142,21.09382661594116,0.2585594979465514,13.182880713674434,225.44431680220816
"(41, 922.9101982755661)",64.51947867669314,21.36527177088638,0.2618867616176014,13.818730907841804,227.87923218240465
"(42, 922.9101982755661)",64.34345121847453,21.63748131966331,0.26522339491555624,14.469181143859688,230.3081948449751
"(43, 922.9101982755661)",64.16902166457119,21.910472116028316,0.268569604426866,15.134278216616856,232.73134865577242
"(44, 922.9101982755661)",63.996110685669954,22.184265814400007,0.27192565558253473,15.814074207470094,235.14888650242037
"(45, 922.9101982755661)",63.824635597375924,22.45888834129312,0.2752918661791749,16.508626556701756,237.56104424237117
"(46, 922.9101982755661)",63.65451093954273,22.734369399681853,0.2786686003036969,17.21799812412671,239.96809503533265
"(47, 922.9101982755661)",63.48564903418462,23.010742001068877,0.2820562625975934,17.942257244697405,242.37034399411272
"(48, 922.9101982755661)",63.31796049584115,23.288042028729777,0.28545529290337945,18.681477759321275,244.76812321294645
"(49, 922.9101982755661)",63.15135471855045,23.566307825864545,0.28886616121633446,19.43573903465714,247.16178708861176
"(50, 922.9101982755661)",62.98574033108077,23.84557980940819,0.29228936295065466,20.205125965490744,249.55170794913684
"(51, 922.9101982755661)",62.8210256223324,24.12590010834029,0.2957254145062005,20.98972896048177,251.9382719765597
"(52, 922.9101982755661)",62.65711893739704,24.40731222573855,0.2991748491258819,21.78964391136619,254.32187541446405
"(53, 922.9101982755661)",62.4939290447386,24.68986072386159,0.3026382130356339,22.604972146081995,256.7029210523979
"(54, 922.9101982755661)",62.33136547498719,24.973590931607998,0.3061160618585608,23.43582036632441,259.0818149788954
"(55, 922.9101982755661)",62.16933883206038,25.258548673587118,0.3096089572939663,24.28230057037481,261.45896359369095
"(56, 922.9101982755661)",62.007761077324744,25.544780020065154,0.3131174640523358,25.144529962012886,263.8347708700708
"(57, 922.9101982755661)",61.846545787773444,25.832331056921223,0.3166421470355233,26.022630846509507,266.20963585644625
"(58, 922.9101982755661)",61.6856083891687,26.12124767476753,0.32018356875188014,26.916730514650155,268.5839504067259
"(59, 922.9101982755661)",61.52486636527039,26.411575376303734,0.3237422869548847,27.82696111585813,270.9580971278598
"(60, 922.9101982755661)",61.364239444364266,26.70335910093192,0.3273188524933456,28.753459521382464,273.3324475325819
"(61, 922.9101982755661)",61.20364976424086,26.996643065696894,0.3309138073617089,29.696367178604685,275.70736038571255
"(62, 922.9101982755661)",61.043022016969395,27.291470621521082,0.33452768293785085,30.655829957389116,278.0831802314486
"(63, 922.9101982755661)",60.88228357463973,27.58788412380231,0.33816099839691,31.63199798942345,280.4602360901321
"(64, 922.9101982755661)",60.7213645973927,27.88592481637405,0.34181425928892595,32.62502550144148,282.83884031231696
"(65, 922.9101982755661)",60.56019812491505,28.185632727915664,0.34548795626907763,33.63507064314779,285.21928757896677
"(66, 922.9101982755661)",60.39872015260767,28.487046579887952,0.34918256396918984,34.66229531061571,287.6018540365598
"(67, 922.9101982755661)",60.236869693625856,28.79020370514546,0.3528985400001238,35.70686496589907,289.98679655677296
"(68, 922.9101982755661)",60.07458882763327,29.095139976381727,0.356636324074681,36.76894845351989,292.374352110513
"(69, 922.9101982755661)",59.91182273770464,29.40188974366261,0.36039633724191733,37.84871781444519,294.76473724728055
"(70, 922.9101982755661)",59.748519735924894,29.710485780292196,0.3641789812235908,38.94634809814254,297.1581476707154
"(71, 922.9101982755661)",59.58463127879897,30.020959236369077,0.3679846378448655,40.062017173230046,299.5547579025372
"(72, 922.9101982755661)",59.42011197323227,30.333339599396762,0.3718136685514962,41.195905537168734,301.9547210272583
"(73, 922.9101982755661)",59.25491957383525,30.647654661387694,0.3756664140066042,42.34819612554296,304.35816851076305
"(74, 922.9101982755661)",59.089014972248364,30.963930491941856,0.3795431937606838,43.51907412122236,306.76521008659194
"(75, 922.9101982755661)",58.92236217910563,31.282191416837016,0.3834443059891642,44.70872676387022,309.17593370422617
"(76, 922.9101982755661)",58.75492829922223,31.60246000169949,0.3873700272922634,45.917343160121106,311.59040553419317
"(77, 922.9101982755661)",58.58668350050559,31.924757040386684,0.3913206125525797,47.14511409476232,314.008670025455
"(78, 922.9101982755661)",58.417600977067764,32.249101547737716,0.39529629484623513,48.39223184324076,316.43075001089477
"(79, 922.9101982755661)",58.24765690695334,32.57551075639555,0.39929728540391374,49.65888998578194,318.8566468572394
"(80, 922.9101982755661)",58.076830404861695,32.90400011743516,0.4033237736185745,50.94528322341599,321.28634065615216
"(81, 922.9101982755661)",57.90510347022103,33.23458330455697,0.4073759270968434,52.25160719616127,323.719790453479
"(82, 922.9101982755661)",57.73246093089064,33.56727222165616,0.4114538917517973,53.57805830365362,326.15693451425096
"(83, 922.9101982755661)",57.55889038281572,33.90207701356604,0.4155577919346547,54.924833528453426,328.59769062091516
"(84, 922.9101982755661)",57.38438212586985,34.23900607982801,0.419687730603557,56.29213026227763,331.0419564028736
"(85, 922.9101982755661)",57.208929096117764,34.57806609135009,0.42384378952776647,57.68014613546017,333.48960969547807
"(86, 922.9101982755661)",57.03252679474814,34.91926200981592,0.42802602952557095,59.08907884976689,335.9405089267811
"(87, 922.9101982755661)",56.85517321385719,35.26259710974606,0.43223449073470277,60.5191260148326,338.39449353067033
"(88, 922.9101982755661)",56.67686875930665,35.60807300309846,0.43646919291388714,61.97048498865987,340.85138438467203
"(89, 922.9101982755661)",56.49761617082383,35.95568966632664,0.44073013577449754,63.443352722051564,343.3109842716072
"(90, 922.9101982755661)",56.317420439562255,36.30544546979198,0.44501729934109036,64.93792560748805,345.7730783634546
"(91, 922.9101982755661)",56.136288723275854,36.65733720946221,0.44933064433994857,66.45439933256313,348.2374347265067
"(92, 922.9101982755661)",55.954230259417805,37.011360140750966,0.4536701126138752,67.99296873921799,350.703804844952
"(93, 922.9101982755661)",55.771256275624054,37.367508014769264,0.45803562756654337,69.55382768206395,353.17192417264795
"(94, 922.9101982755661)",55.58737989988901,37.72577311587233,0.46242709462273657,71.13716890676463,355.64151267949916
"(95, 922.9101982755661)",55.402616067105804,38.086146302127155,0.4668444017243826,72.74318391413975,358.1122754451482
"(96, 922.9101982755661)",55.216981425666965,38.448617046905476,0.47128741984037387,74.3720628447099,360.5839032449495
"(97, 922.9101982755661)",55.03049424222322,38.81317348252839,0.47575600350155806,76.02399436321026,363.0560731592036
"(98, 922.9101982755661)",54.843174305489406,39.1798024455273,0.4802499913555223,77.699165550139,365.528449193625
"(99, 922.9101982755661)",54.65504282920568,39.54848952346197,0.4847692067404707,79.39776179954747,368.00068291118924
"(100, 922.9101982755661)",54.46612235444943,39.9192191031886,0.4893134582768689,81.1199667232569,370.47241407395114
"(101, 922.9101982755661)",54.27643665150583,40.29197442046097,0.4938825404754509,82.86596206166266,372.94327129337603
"(102, 922.9101982755661)",54.086010621502645,40.66673761074322,0.4984762343600397,84.63592760129038,375.4128726875914
"(103, 922.9101982755661)",53.89487019801637,41.04348976110623,0.5030943081036877,86.43004109924486,377.8808265440383
"(104, 922.9101982755661)",53.70304224884871,41.422210963078825,0.5077365176764999,88.2484782146849,380.34673198587905
"(105, 922.9101982755661)",53.51055447817926,41.80288036631522,0.5124026075034643,90.0914124474554,382.81017964048397
"(106, 922.9101982755661)",53.317435329302434,42.185476232934136,0.5170923111305269,91.9590150839877,385.27075230825767
"(107, 922.9101982755661)",53.123713888130794,42.56997599239202,0.521805351897198,93.85145515054369,387.7280256301509
"(108, 922.9101982755661)",52.92941978766251,42.95635629673918,0.5265414436138585,95.76889937391994,390.18156875204903
"(109, 922.9101982755661)",52.734583113604096,43.344593076106946,0.5313002912419055,97.71151214965074,392.6309449842823
"(110, 922.9101982755661)",52.53923431130303,43.73466159428554,0.5360815915750301,99.67945551779016,395.07571245460196
"(111, 922.9101982755661)",52.34340409418279,44.12653650423557,0.5408850339194985,101.67288914630007,397.5154247526306
"(112, 922.9101982755661)",52.14712335382691,44.52019190337354,0.5457103007721287,103.6919703220831,399.949631564541
"(113, 922.9101982755661)",51.950423071847865,44.9156013885153,0.5505570684934635,105.73685394966576,402.3778792956511
"(114, 922.9101982755661)",51.753334233699626,45.3127381102957,0.5554250079749647,107.80769255755145,404.7997116798312
"(115, 922.9101982755661)",51.55588774453325,45.71157482694872,0.5603137852982099,109.90463631221441,407.2146703738894
"(116, 922.9101982755661)",51.35811434722817,46.11208395729605,0.5652230623844225,112.0278330397284,409.62229553540175
"(117, 922.9101982755661)",51.16004454267058,46.514237632827665,0.5701524976327265,114.17742825499077,412.02212638253803
"(118, 922.9101982755661)",50.96170851239247,46.918007748721514,0.575101746545791,116.35356519850322,414.4137017346972
"(119, 922.9101982755661)",50.76313604360775,47.323366013720445,0.5800704623409336,118.55638488065195,416.7965605322184
"(120, 922.9101982755661)",50.5643564567306,47.7302839987163,0.5850582965457737,120.78602613342463,419.17024233440037
"(17, 923.1937916690642)",69.1798370210279,15.260959870301571,0.1870626033905902,2.608849812853667,170.08618429079166
"(18, 923.1937916690642)",68.9756666028501,15.4890365307231,0.18985827379623,2.910721759717214,172.3652579059677
"(19, 923.1937916690642)",68.76964305322572,15.722215429370815,0.1927164853509091,3.2276572066302816,174.68700562161115
"(20, 923.1937916690642)",68.56250319778896,15.95982698981266,0.1956290306606208,3.559543860843074,177.04396271527906
"(21, 923.1937916690642)",68.3548643589682,16.201295410630014,0.19858885178711635,3.9062844887580583,179.4297105757957
"(22, 923.1937916690642)",68.14724018527708,16.446127175612176,0.20158989941056396,4.2677951030563275,181.83874849596748
"(23, 923.1937916690642)",67.94005536032964,16.69390019862405,0.2046269997717756,4.644003405822151,184.26637239134809
"(24, 923.1937916690642)",67.7336587813982,16.94425397346347,0.2076957339332012,5.034847456048492,186.70856466723268
"(25, 923.1937916690642)",67.52833507944726,17.196880869989858,0.2107923310904132,5.440274537389659,189.16189685672967
"(26, 923.1937916690642)",67.32431451554866,17.45151858289681,0.2139135760122672,5.8602402008933,191.62344512736024
"(27, 923.1937916690642)",67.12178137540377,17.707943665245374,0.21705672977759136,6.294707461606747,194.09071790905531
"(28, 923.1937916690642)",66.92088102383737,17.965966042219875,0.22021946252704241,6.743646130785138,196.56159447887853
"(29, 923.1937916690642)",66.72172579320731,18.225424386777394,0.22339979677972444,7.207032268087837,199.03427317908435
"(30, 923.1937916690642)",66.52439987607063,18.486182238157443,0.2265960598554578,7.684847740176793,201.50722793505352
"(31, 923.1937916690642)",66.32896338044641,18.74812475074461,0.22980684402366497,8.17707987358311,203.97917181212537
"(32, 923.1937916690642)",66.13545568938535,19.011155971334126,0.23303097312921656,8.683721190934877,206.44902646855837
"(33, 923.1937916690642)",65.94389824971776,19.275196554202196,0.23626747458468553,9.20476922026576,208.91589648964433
"(34, 923.1937916690642)",65.75429689662722,19.540181835883093,0.23951555577175823,9.740226367788582,211.37904772886412
"(35, 923.1937916690642)",65.56664380457597,19.80606020289287,0.24277458403346572,10.290099844905761,213.8378889098293
"(36, 923.1937916690642)",65.38091913978626,20.072791696472997,0.24604406957169056,10.854401640642175,216.29195586493384
"(37, 923.1937916690642)",65.19709247603241,20.340346808035495,0.2493236506823898,11.43314853116975,218.74089789507897
"(38, 923.1937916690642)",65.01512402387462,20.60870542748003,0.25261308086370143,12.026362118563037,221.1844658292014
"(39, 923.1937916690642)",64.83496571152742,20.87785591437364,0.25591221743243775,12.634068890861263,223.62250145502892
"(40, 923.1937916690642)",64.65656215355934,21.147794265936902,0.25922101132401104,13.256300298063229,226.05492802643994
"(41, 923.1937916690642)",64.47985151510917,21.418523370985728,0.2625394979483413,13.89309283615262,228.4817417376691
"(42, 923.1937916690642)",64.30476632873403,21.690052313840482,0.2658677886573162,14.544488135003867,230.90300375821332
"(43, 923.1937916690642)",64.1312342148389,21.962395752028364,0.26920606311690176,15.210533044247438,233.31883310494655
"(44, 923.1937916690642)",63.959178582083446,22.23557332371016,0.27255456204364115,15.891279717009295,235.729399852761
"(45, 923.1937916690642)",63.7885192654009,22.509609102315988,0.2759135805197892,16.586785680472392,238.13491889257946
"(46, 923.1937916690642)",63.619173126456516,22.784531084961337,0.2792834617225444,17.297113894710638,240.53564408338713
"(47, 923.1937916690642)",63.4510546305652,23.060370710219246,0.2826645910130723,18.02233280668972,242.93186274125378
"(48, 923.1937916690642)",63.284076373993905,23.33716240856354,0.286057390426033,18.762516379528883,245.3238905228384
"(49, 923.1937916690642)",63.11814958613341,23.614943179061875,0.2894623134808653,19.517744110824108,247.71206661687526
"(50, 923.1937916690642)",62.953184598329294,23.89375219292668,0.29287984032227143,20.288101033691376,250.0967492568565
"(51, 923.1937916690642)",62.78909128145169,24.173630422653268,0.2963104731743257,21.073677701216457,252.47831153984382
"(52, 923.1937916690642)",62.62577945286777,24.454620295843206,0.2997547320972254,21.874570154493245,254.85713754108886
"(53, 923.1937916690642)",62.46315925336125,24.736765372946966,0.3032131510371486,22.690879874615163,257.2336187152947
"(54, 923.1937916690642)",62.30114149470466,25.02011004811661,0.306686274159456,23.522713719221006,259.6081505749054
"(55, 923.1937916690642)",62.13963797861589,25.30469927237687,0.3101746524554101,24.370183844360305,261.98112963558395
"(56, 923.1937916690642)",61.97856178799755,25.590578298255227,0.31367884061199186,25.233407612542727,264.35295061839804
"(57, 923.1937916690642)",61.817827551447266,25.877792444980507,0.3171993941337657,26.112507487904285,266.7240038975768
"(58, 923.1937916690642)",61.657351682113045,26.166386883318417,0.32073686670550067,27.007610919499438,269.09467318240695
"(59, 923.1937916690642)",61.49705259209212,26.456406439058366,0.32429180778338723,27.91885021374824,271.4653334210124
"(60, 923.1937916690642)",61.336850883586244,26.74789541416366,0.3278647604027664,28.846362397006214,273.83634891389295
"(61, 923.1937916690642)",61.17666951812487,27.04089742455192,0.33145625918971755,29.790289069317552,276.20807162448193
"(62, 923.1937916690642)",61.01643396511777,27.335455253507806,0.33506682856424214,30.75077625024795,278.58083967450307
"(63, 923.1937916690642)",60.85607233108397,27.631610719694333,0.3386969811224062,31.727974217789022,280.95497601147065
"(64, 923.1937916690642)",60.69551547080678,27.929404558790587,0.3423472161854986,32.72203734116074,283.33078723647856
"(65, 923.1937916690642)",60.53469708169535,28.228876317780333,0.34601801850426955,33.733123908375596,285.7085625803975
"(66, 923.1937916690642)",60.37355378256119,28.530064260960174,0.3497098571068164,34.76139594931166,288.08857301717677
"(67, 923.1937916690642)",60.21202517804041,28.833005286796805,0.3534231842794453,35.807019055043504,290.4710705036521
"(68, 923.1937916690642)",60.050053909527435,29.13773485476651,0.3571584346699173,36.8701621940738,292.8562873354349
"(69, 923.1937916690642)",59.88758569399868,29.44428692146421,0.3609160245042777,37.95099752609332,295.2444356101357
"(70, 923.1937916690642)",59.724569351600024,29.75269388504706,0.36469635090588637,39.04970021384209,297.63570678683476
"(71, 923.1937916690642)",59.56095682256154,30.062986537652204,0.368499791312164,40.16644823358942,300.03027133714613
"(72, 923.1937916690642)",59.39670317479555,30.375194024843477,0.372326702977511,41.30142218471702,302.4282784767328
"(73, 923.1937916690642)",59.23176660260771,30.689343811688875,0.3761774225574927,42.45480509884407,304.82985597230345
"(74, 923.1937916690642)",59.06610841731808,31.00546165489432,0.38005226576727813,43.62678224892002,307.23511001719237
"(75, 923.1937916690642)",58.89969303042619,31.323571580522366,0.38395152710850927,44.81754095864716,309.644125169785
"(76, 923.1937916690642)",58.732487929903066,31.643695866862043,0.3878754796593448,46.02727041260165,312.0569643495659
"(77, 923.1937916690642)",58.56446365012602,31.965855032071882,0.3918243749229741,47.25616146737501,314.47366888612646
"(78, 923.1937916690642)",58.395593735928095,32.290067826252866,0.3957984427304701,48.50440646405056,316.8942586170031
"(79, 923.1937916690642)",58.22585470120153,32.616351227641445,0.39979789119410547,49.77219904231775,319.31873203046445
"(80, 923.1937916690642)",58.055225982425405,32.944720442659204,0.403822906707978,51.05973395648958,321.74706645007143
"(81, 923.1937916690642)",57.88368988747252,33.27518890957905,0.4078736539929397,52.367206893706786,324.17921825795116
"(82, 923.1937916690642)",57.71123154001247,33.60776830559667,0.41195027618327584,53.69481429459289,326.61512315416377
"(83, 923.1937916690642)",57.53783881980021,33.942468557122176,0.4160528949528657,55.04275317659235,329.0546964498346
"(84, 923.1937916690642)",57.363502299101626,34.27929785313547,0.4201816106788725,56.411220960253715,331.49783339198916
"(85, 923.1937916690642)",57.18821517551374,34.61826266145369,0.4243365026411523,57.800415298747275,333.944409518128
"(86, 923.1937916690642)",57.011973201390006,34.959367747791546,0.42851762925588777,59.21053391074536,336.39428103903606
"(87, 923.1937916690642)",56.83477461010758,35.30261619748828,0.4327250283419063,60.64177441693766,338.8472852481301
"(88, 923.1937916690642)",56.65662003934397,35.64800943981442,0.43695871741861836,62.09433418061096,341.3032409559344
"(89, 923.1937916690642)",56.47751245159808,35.995547274743885,0.441218694034188,63.56841015218014,343.7619489485146
"(90, 923.1937916690642)",56.29745705211288,36.34522790211676,0.44550493612299197,65.06419871816426,346.223192468505
"(91, 923.1937916690642)",56.116461204405496,36.69704795309911,0.44981740239123896,66.58189555473407,348.68673771756306
"(92, 923.1937916690642)",55.934534343687666,37.051002523807,0.4541560327291289,68.12169548706107,351.15233437752306
"(93, 923.1937916690642)",55.751687887650554,37.407085211359245,0.4585207486527644,69.68379234775719,353.6197161599263
"(94, 923.1937916690642)",55.56793514692981,37.765288151237264,0.4629114537620887,71.26837885542018,356.0886013502412
"(95, 923.1937916690642)",55.38329123190051,38.12560205758783,0.4673280342349162,72.87564647883093,358.5586933997516
"(96, 923.1937916690642)",55.197772959529736,38.488016264658,0.47177035933480754,74.50578532168066,361.0296815096972
"(97, 923.1937916690642)",55.011398758370554,38.8525187702945,0.4762382819442789,76.15898400721422,363.5012412388855
"(98, 923.1937916690642)",54.82418857258252,39.219096281073945,0.48073163911798283,77.83542956994694,365.9730351226679
"(99, 923.1937916690642)",54.63616376509718,39.58773425899844,0.4852502526550918,79.53530735361107,368.4447133034146
"(100, 923.1937916690642)",54.447347020132966,39.958416969646294,0.4897939296894971,81.25880091554123,370.91591417099664
"(101, 923.1937916690642)",54.25776224524622,40.33112753166926,0.49436246329653755,83.00609193765699,373.3862650119321
"(102, 923.1937916690642)",54.067434473146356,40.705847967504305,0.4989556331146027,84.77736014418552,375.85538266552305
"(103, 923.1937916690642)",53.876389763464495,41.08255925518054,0.5035732059801523,86.57278322629656,378.3228741854669
"(104, 923.1937916690642)",53.684655104702614,41.461241381077556,0.5082149365744133,88.39253677376158,380.78833750522404
"(105, 923.1937916690642)",53.49225831653763,41.84187339351251,0.5128805680802301,90.23679421377132,383.25136210559987
"(106, 923.1937916690642)",53.29922795270881,42.224433457000714,0.5175698328471623,92.10572675702076,385.7115296826748
"(107, 923.1937916690642)",53.105593204673006,42.60889890705044,0.5222824530631425,93.99950335115086,388.1684148144318
"(108, 923.1937916690642)",52.91138380621222,42.99524630534775,0.5270181414309041,95.91829064163785,390.62158562434166
"(109, 923.1937916690642)",52.7166299391965,43.38345149517247,0.5317766018472555,97.86225294019589,393.0706044400622
"(110, 923.1937916690642)",52.521362140656784,43.773489656906186,0.5365575300834656,99.83155220074514,395.51502844559747
"(111, 923.1937916690642)",52.32561121135494,44.165335363471684,0.5413606144648232,101.82634800299827,397.9544103250763
"(112, 923.1937916690642)",52.12940812599346,44.55896263556232,0.5461855365476141,103.84679754368368,400.38829889651043
"(113, 923.1937916690642)",51.93278394522872,44.954344996504894,0.5510319717916103,105.89305563541707,402.81623973376054
"(114, 923.1937916690642)",51.735769729599355,45.351455526622914,0.5558995902264267,107.96527471324629,405.2377757751676
"(115, 923.1937916690642)",51.538396455521,45.750266916944085,0.5607880571098558,110.06360484883209,407.6524479171434
"(116, 923.1937916690642)",51.34069493343611,46.15075152212698,0.5656970335766086,112.18819377225824,410.05979559127303
"(117, 923.1937916690642)",51.142695728227054,46.55288141246646,0.5706261772757827,114.33918690144307,412.45935732341036
"(118, 923.1937916690642)",50.94442908196842,46.956628424857676,0.5755751429955652,116.51672737908734,414.8506712734524
"(119, 923.1937916690642)",50.74592483909731,47.36196421259289,0.5805435832736022,118.72095611713706,417.2332757543649
"(120, 923.1937916690642)",50.54721237404897,47.76886029388195,0.5855311489917637,120.95201184866437,419.6067097293857
"(17, 923.4842366294348)",69.08891130471527,15.352542874049075,0.18818519038727613,2.6633444548297804,171.1227124349288
"(18, 923.4842366294348)",68.88869501100515,15.577688911034295,0.1909449384096441,2.966023145263504,173.36861754022112
"(19, 923.4842366294348)",68.68638485864628,15.808118220905332,0.19376944662985524,3.2837838266373676,175.6592456764425
"(20, 923.4842366294348)",68.48272608935153,16.043154650481675,0.19665042703880886,3.6165118102874927,177.9870576864993
"(21, 923.4842366294348)",68.27834712496939,16.282213854383645,0.19958071696987803,3.9641077966025424,180.34553826028056
"(22, 923.4842366294348)",68.07377420054527,16.524792699592904,0.20255414922433473,4.326486024117132,182.72907784844222
"(23, 923.4842366294348)",67.86944522816768,16.77045903956023,0.20556542672655473,4.703572673830783,185.13285850414564
"(24, 923.4842366294348)",67.66572239696168,17.018842292741155,0.20861000703955762,5.09530450303441,187.55274860115247
"(25, 923.4842366294348)",67.46290331107781,17.269625020066908,0.21168399912509187,5.501627682449654,189.98520865625176
"(26, 923.4842366294348)",67.26123064594326,17.522535549085575,0.21478407293337012,5.922496812387933,192.42720882064623
"(27, 923.4842366294348)",67.06090040285768,17.777341608265278,0.21790738137497162,6.357874096489381,194.87615764849542
"(28, 923.4842366294348)",66.86206889308843,18.033844889998562,0.2210514936763634,6.807728654500493,197.32984123901227
"(29, 923.4842366294348)",66.66485860308033,18.291876440698932,0.22421433887359457,7.272035958028032,199.78637161802686
"(30, 923.4842366294348)",66.46936309508561,18.55129277091631,0.22739415813168187,7.750777375280842,202.24414316094837
"(31, 923.4842366294348)",66.27565109028237,18.81197258135085,0.23058946461342844,8.243939812345943,204.7017958909761
"(32, 923.4842366294348)",66.08376986817733,19.073814008673686,0.23379900971981732,8.751515439634705,207.15818457618857
"(33, 923.4842366294348)",65.89374810171242,19.336732304574358,0.2370217546407262,9.273501493015955,209.61235265594428
"(34, 923.4842366294348)",65.70559823105349,19.600657872631388,0.2402568462916876,9.809900139649889,212.06351015302465
"(35, 923.4842366294348)",65.51931846408085,19.865534598065818,0.2435035968406993,10.360718399118523,214.51101484583634
"(36, 923.4842366294348)",65.33489447722745,20.13131841558104,0.2467614661533786,10.925968110843668,216.95435608936927
"(37, 923.4842366294348)",65.15230087742263,20.3979760696854,0.25003004659751443,11.505665939227288,219.39314077730035
"(38, 923.4842366294348)",64.97150247460421,20.665484030100266,0.25330904974857227,12.099833408633303,221.82708102975448
"(39, 923.4842366294348)",64.79245540297137,20.93382753235617,0.2565982946297306,12.708496960069679,224.25598327648189
"(40, 923.4842366294348)",64.61510812664379,21.20299971770874,0.25989769716930083,13.331688024176845,226.67973844796293
"(41, 923.4842366294348)",64.43940233781345,21.473000861390005,0.26320726074097467,13.969443102541709,229.0983131581619
"(42, 923.4842366294348)",64.26527380456245,21.743837653079158,0.26652706734408876,14.621803853109652,231.51174147422813
"(43, 923.4842366294348)",64.09265311915078,22.015522553481404,0.26985726971688473,15.288817173758924,233.92011754964187
"(44, 923.4842366294348)",63.92146642383594,22.288073182548967,0.273198083837514,15.97053528393313,236.3235886173778
"(45, 923.4842366294348)",63.751636071635566,22.56151175686995,0.2765497820278425,16.66701579321442,238.72234855280428
"(46, 923.4842366294348)",63.5830812473031,22.835864562538003,0.27991268649203427,17.378321758266225,241.11663184972437
"(47, 923.4842366294348)",63.41571856274519,23.11116145895055,0.2832871632343855,18.104521735177176,243.50670795124745
"(48, 923.4842366294348)",63.2494626008392,23.38743541671974,0.28667361639516564,18.845689807029107,245.89287599145985
"(49, 923.4842366294348)",63.08422643247112,23.664722083113563,0.2900724829240097,19.601905600734277,248.2754598595496
"(50, 923.4842366294348)",62.9199220986789,23.943059375525515,0.2934842275968063,20.37325428661982,250.6548035983962
"(51, 923.4842366294348)",62.75646106017999,24.222487101562326,0.2969093383589163,21.159826561564433,253.03126712096994
"(52, 923.4842366294348)",62.593754615036175,24.503046604772607,0.30034832198265404,21.961718615776178,255.40522223330677
"(53, 923.4842366294348)",62.431714285203476,24.784780435109205,0.3038017000279309,22.779032083623054,257.77704895339525
"(54, 923.4842366294348)",62.270252172723744,25.06773204326535,0.3072700050955751,23.61187397911106,260.14713211569864
"(55, 923.4842366294348)",62.109281286443654,25.351945497985444,0.3107537773622213,24.46035661675606,262.5158582503082
"(56, 923.4842366294348)",61.94871584021541,25.637465225441503,0.31425356138571725,25.324597518690506,264.8836127256799
"(57, 923.4842366294348)",61.788471523701546,25.924335769692025,0.3177699031689109,26.204719309013655,267.25077714273743
"(58, 923.4842366294348)",61.628465746872,26.21260157326878,0.3213033474701752,27.100849596296754,269.61772696868
"(59, 923.4842366294348)",61.468617859534035,26.50230677681352,0.3248544353474413,28.0131208453218,271.9848293971961
"(60, 923.4842366294348)",61.30884934709348,26.793495036770633,0.32842370192354803,28.941670239020294,274.3524414228605
"(61, 923.4842366294348)",61.14908400395762,27.086209360038275,0.33201167435945533,29.886639531625782,276.72090811627635
"(62, 923.4842366294348)",60.98924808588537,27.380491954544446,0.335618870022686,30.848174893994468,279.09056108733915
"(63, 923.4842366294348)",60.829270442656274,27.676384094692608,0.339245794837988,31.826426752027892,281.46171712367726
"(64, 923.4842366294348)",60.669082632345855,27.97392600067457,0.3428929418080217,32.82154961905287,283.8346769921493
"(65, 923.4842366294348)",60.50861901855826,28.273156730631257,0.34656078969150184,33.83370192300137,286.20972439094936
"(66, 923.4842366294348)",60.34781685179857,28.574114084743158,0.3502498018275784,34.86304582915577,288.5871250411963
"(67, 923.4842366294348)",60.186616336203784,28.876834520329105,0.3539604250951517,35.90974705916514,290.96712590686127
"(68, 923.4842366294348)",60.024960682780325,29.181353077086257,0.35769308899649405,36.97397470702462,293.3499545325272
"(69, 923.4842366294348)",59.86279615015642,29.487703311693497,0.3614482048556538,38.05590105260453,295.7358184895985
"(70, 923.4842366294348)",59.70007207389046,29.795917241002513,0.36522616512209644,39.155701373308254,298.1249049215669
"(71, 923.4842366294348)",59.536740885220915,30.10602529313733,0.36902734277132265,40.273553754379606,300.5173801801841
"(72, 923.4842366294348)",59.372758120124615,30.418056265854304,0.3728520907944494,41.4096388983418,302.913389544659
"(73, 923.4842366294348)",59.20808241945663,30.732037291578266,0.3767007417696392,42.56413993400528,305.3130570168718
"(74, 923.4842366294348)",59.04267552087119,31.047993808586607,0.3805736075088911,43.73724222544681,307.71648518621157
"(75, 923.4842366294348)",58.876502243202516,31.36594953784598,0.38447097877411396,44.92913318136337,310.12375515802086
"(76, 923.4842366294348)",58.70953046385803,31.68592646508037,0.3883931250573145,46.14000206512337,312.53492654055134
"(77, 923.4842366294348)",58.541731089774586,32.00794482767259,0.3923402944200546,47.370039805863364,314.95003748560845
"(78, 923.4842366294348)",58.373078022426036,32.33202310604696,0.39631271338781787,48.619438810945624,317.3691047785433
"(79, 923.4842366294348)",58.20354811728799,32.65817801923738,0.4003105868956816,49.8883927800356,319.79212397400397
"(80, 923.4842366294348)",58.03312113818156,32.98642452435146,0.4043340982817498,51.17709652114451,322.2190695738281
"(81, 923.4842366294348)",57.861779706828244,33.316775819699295,0.40838340932551176,52.4857457688254,324.64989524427085
"(82, 923.4842366294348)",57.68950924794505,33.6492433513697,0.4124586603284401,53.81453700486421,327.0845340697446
"(83, 923.4842366294348)",57.51629793016692,33.98383682306829,0.41655997023459,55.16366728164799,329.52289884082245
"(84, 923.4842366294348)",57.342136603075375,34.32056420904641,0.42068743678907455,56.533334048495654,331.9648823742565
"(85, 923.4842366294348)",57.1670187305609,34.65943176998363,0.4248411367327382,57.92373498123464,334.41035786317946
"(86, 923.4842366294348)",56.99094032076739,35.00044407168479,0.4290211260313526,59.3350678151512,336.859179255813
"(87, 923.4842366294348)",56.8138998528182,35.34360400648349,0.43322744013795716,60.767530181572724,339.3111816611528
"(88, 923.4842366294348)",56.63589820054329,35.688912817238325,0.4374600942870072,62.2213194485411,341.7661817799363
"(89, 923.4842366294348)",56.45693855340141,36.0363701238275,0.44171908381912184,63.69663256544263,344.22397835991245
"(90, 923.4842366294348)",56.277026334781645,36.38597395205306,0.44600438453539354,65.19366591207503,346.68435267397376
"(91, 923.4842366294348)",56.09616911788663,36.73772076486209,0.45031595308007216,66.71261515231436,349.14706901989246
"(92, 923.4842366294348)",55.91437653947777,37.09160549575341,0.4546537273500608,68.25367509358928,351.61187523900884
"(93, 923.4842366294348)",55.731660210971626,37.447621584625594,0.4590176269343178,69.817039545425,354.0785032634681
"(94, 923.4842366294348)",55.54803362917723,37.805761014957476,0.4634075535696054,71.40290119816153,356.5466696583794
"(95, 923.4842366294348)",55.363512083370104,38.166014353934,0.4678233916323374,73.01145148725497,359.01607621172724
"(96, 923.4842366294348)",55.1781125623917,38.528370793725095,0.4722650086445525,74.6428804781706,361.4864105167374
"(97, 923.4842366294348)",54.99185365987164,38.8928181948428,0.47673225580537426,76.2973767511805,363.95734657787403
"(98, 923.4842366294348)",54.804755478475066,39.25934313113422,0.4812249685425127,77.97512729323641,366.4285454282697
"(99, 923.4842366294348)",54.6168395332796,39.627930936351746,0.4857429670831001,79.67631739608524,368.8996557587681
"(100, 923.4842366294348)",54.428128654477554,39.99856575219287,0.4902860570425576,81.40113056082362,371.37031455717823
"(101, 923.4842366294348)",54.23864688962466,40.37123057768575,0.4948540300299221,83.14974840905688,373.8401477561252
"(102, 923.4842366294348)",54.04841940562812,40.74590731980336,0.49944666426827106,84.92235060080561,376.30877088809626
"(103, 923.4842366294348)",53.85747239069506,41.12257684517224,0.50406372522854,86.7191147593169,378.7757897459506
"(104, 923.4842366294348)",53.66583295643551,41.501219032746384,0.5087049662752197,88.54021640292316,381.2408010473504
"(105, 923.4842366294348)",53.4735290403318,41.88181282731243,0.5133701293219892,90.38582888403667,383.70339310123484
"(106, 923.4842366294348)",53.28058930878257,42.26433629365789,0.5180589454961173,92.25612333543893,386.16314647509296
"(107, 923.4842366294348)",53.08704306090166,42.64876667130268,0.5227711358089042,94.15126862390943,388.619634660479
"(108, 923.4842366294348)",52.89292013327361,43.0350804296031,0.5275064118313453,96.0714313113168,391.07242473588536
"(109, 923.4842366294348)",52.69825080585982,43.42325332309653,0.5322644763724783,98.01677562321444,393.52107802458954
"(110, 923.4842366294348)",52.5030657092105,43.8132604469391,0.5370450241589155,99.98746342501087,395.96515074602166
"(111, 923.4842366294348)",52.30739573317009,44.20507629227696,0.5418477425135593,101.98365420574672,398.40419465877005
"(112, 923.4842366294348)",52.11127193722825,44.59867480140416,0.5466723120317107,104.00550506952143,400.83775769353116
"(113, 923.4842366294348)",51.91472546265666,44.99402942256254,0.5515184072527801,106.05317073455682,403.2653845743586
"(114, 923.4842366294348)",51.71778744657783,45.39111316423293,0.5563856973257635,108.12680353993265,405.68661742648584
"(115, 923.4842366294348)",51.52048893808845,45.789898648775996,0.5612738466667613,110.22655345996505,408.10099636915544
"(116, 923.4842366294348)",51.32286081653678,46.19035816529137,0.5661825156068893,112.3525681261979,410.50806009196333
"(117, 923.4842366294348)",51.124933712061726,46.59246372155563,0.5711113610289255,114.50499285700455,412.90734641319017
"(118, 923.4842366294348)",50.926737928480314,46.99618709491335,0.5760600369911055,116.68397069471604,415.29839281873905
"(119, 923.4842366294348)",50.72830336857423,47.40149988200843,0.5810281953367037,118.88964245025657,417.68073698043736
"(120, 923.4842366294348)",50.52965946185638,47.808373547231035,0.5860154862878936,121.12214675520285,420.0539172523996
"(17, 923.7804313994582)",68.99740005140175,15.445164702989382,0.18932051087822885,2.719252294751235,172.17133091710485
"(18, 923.7804313994582)",68.80107812105102,15.667417102199025,0.19204478987242504,3.022743126947674,174.3844757094194
"(19, 923.7804313994582)",68.60243496426253,15.895124456909041,0.19483593347972517,3.3413354471786594,176.644287234838
"(20, 923.7804313994582)",68.40222201427734,16.127605665697654,0.19768559303751077,3.674912102423752,178.94317031522567
"(21, 923.7804313994582)",68.20107686017427,16.364269243312105,0.20058651836150873,4.0233716581141294,181.27452880679576
"(22, 923.7804313994582)",67.99953667564716,16.60460362902132,0.20353243894954107,4.386626510389084,183.63265774620183
"(23, 923.7804313994582)",67.79805121402973,16.848167609980838,0.20651794659504125,4.764601254475456,186.01263654282204
"(24, 923.7804313994582)",67.59699479909872,17.094581352823795,0.20953838545597625,5.157231285123577,188.4102288261441
"(25, 923.7804313994582)",67.39667704923885,17.34351828714441,0.21258975256590032,5.564461603716745,190.82179173271473
"(26, 923.7804313994582)",67.1973522631465,17.594697928194247,0.21566860985749878,5.986245808004691,193.24419564547696
"(27, 923.7804313994582)",66.99922750723091,17.847879632548793,0.21877200762211826,6.422545242950032,195.67475433633592
"(28, 923.7804313994582)",66.80246950550715,18.102857228175306,0.2218974186873152,6.8733282938887506,198.11116486750547
"(29, 923.7804313994582)",66.60721046126174,18.35945443408523,0.22504268227284235,7.338569805579956,200.55145630771756
"(30, 923.7804313994582)",66.4135529485774,18.617520974653953,0.22820595636156704,7.818250612841407,202.9939462027729
"(31, 923.7804313994582)",66.22157400911676,18.876929293198756,0.2313856774158498,8.312357169909811,205.4372037329598
"(32, 923.7804313994582)",66.0313285795996,19.137571774930418,0.23458052633762652,8.820881266847683,207.88001855123693
"(33, 923.7804313994582)",65.84285236364192,19.399358396965606,0.23778939966321816,9.3438198221879,210.32137438091792
"(34, 923.7804313994582)",65.65616424681124,19.662214733022875,0.2410113851057109,9.88117474158184,212.76042656355273
"(35, 923.7804313994582)",65.47126834023821,19.926080249835234,0.24424574067308374,10.432952832809038,215.19648285365244
"(36, 923.7804313994582)",65.28815572451221,20.190906841863953,0.24749187670750825,10.999165767923088,217.6289868648004
"(37, 923.7804313994582)",65.10680595351029,20.45665755955466,0.2507493402958852,11.579830083849044,220.05750366781334
"(38, 923.7804313994582)",64.92718836656918,20.723305494352445,0.2540178016047334,12.174967213353105,222.48170713620954
"(39, 923.7804313994582)",64.74926324725621,20.990832790737105,0.2572970417682002,12.784603538196789,224.90136870423558
"(40, 923.7804313994582)",64.57298286371694,21.259229759677975,0.2605869420221116,13.408770458961897,227.31634725928996
"(41, 923.7804313994582)",64.39829239871052,21.528494082589646,0.26388747394619294,14.0475044734953,229.7265800494321
"(42, 923.7804313994582)",64.22513082689314,21.79863006941149,0.2671986903699235,14.700847259699517,232.13207419959866
"(43, 923.7804313994582)",64.05343168963013,22.069647994973714,0.27052071723795856,15.368845756698875,234.53289911587333
"(44, 923.7804313994582)",63.8831238451378,22.341563468747108,0.2738537458848182,16.051552244256946,236.92917926957801
"(45, 923.7804313994582)",63.71413215113486,22.61439685556733,0.2771980259343134,16.749024409248225,239.32108757143004
"(46, 923.7804313994582)",63.54637810559133,22.888172733447963,0.28055385865369215,17.461325400638255,241.70883917725212
"(47, 923.7804313994582)",63.37978046004157,23.162919383810323,0.2839215907050463,18.188523880057694,244.09268566507038
"(48, 923.7804313994582)",63.21425577941149,23.438668317188615,0.28730160833161106,18.93069404763748,246.4729096386963
"(49, 923.7804313994582)",63.0497189735138,23.715453827686623,0.29069433189648736,19.687915657245725,248.84981966746864
"(50, 923.7804313994582)",62.88608379214873,23.99331257659268,0.2941002107787395,20.46027401458606,251.2237455732695
"(51, 923.7804313994582)",62.72326328629732,24.272283203602647,0.297519718607965,21.247859958937738,253.59503404657357
"(52, 923.7804313994582)",62.56117023625596,24.552405964594293,0.3009533488242426,22.050769828632106,255.96404457933832
"(53, 923.7804313994582)",62.39971754759252,24.833722394947856,0.3044016105512738,22.86910541067687,258.33114570306867
"(54, 923.7804313994582)",62.23881861579987,25.116274997461343,0.3078650247709657,23.70297387510513,260.6967115206225
"(55, 923.7804313994582)",62.078387660622624,25.40010695389402,0.31134412078766044,24.5524876948132,263.0611185200967
"(56, 923.7804313994582)",61.918340031132765,25.68526185914243,0.3148394329697727,25.41776455172028,265.4247426586571
"(57, 923.7804313994582)",61.75859248267674,25.971783477046316,0.3183514977565396,26.29892723022598,267.7879567039738
"(58, 923.7804313994582)",61.59906342699347,26.25971551674037,0.3218808509166623,27.196103498925368,270.1511278200936
"(59, 923.7804313994582)",61.439673156739694,26.549101428515876,0.3254280250460315,28.109425981601504,272.5146153848952
"(60, 923.7804313994582)",61.280344045846604,26.839984218062465,0.3289935472908029,29.03903201850186,274.87876902543405
"(61, 923.7804313994582)",61.121000727034165,27.132406278026355,0.3325779372826872,29.985063518885557,277.2439268580572
"(62, 923.7804313994582)",60.961570247919184,27.426409235771025,0.33618170527288327,30.947666805796448,279.6104139197932
"(63, 923.7804313994582)",60.80198220708168,27.722033816278607,0.3398053504515603,31.92699245398721,281.9785407779992
"(64, 923.7804313994582)",60.642168871458104,28.019319719138558,0.34344935944004645,32.92319512186388,284.3486023055298
"(65, 923.7804313994582)",60.482065276383814,28.318305508611395,0.3471142049432718,33.93643337826641,286.72087660910915
"(66, 923.7804313994582)",60.32160930955273,28.61902851579687,0.3508003445505867,34.96686952486055,289.09562409915895
"(67, 923.7804313994582)",60.16074178009703,28.921524751981448,0.3545082196736086,36.01466941485141,291.4730866898887
"(68, 923.7804313994582)",59.99940647403817,29.22582883228603,0.358238254610333,37.080002268677134,293.8534871190452
"(69, 923.7804313994582)",59.83755019690151,29.53197390879947,0.36199085572549916,38.16304048730386,296.23702837745674
"(70, 923.7804313994582)",59.675122804963074,29.839991612435856,0.36576641073791566,39.26395946367536,298.62389323922775
"(71, 923.7804313994582)",59.51207722559974,30.14991200280789,0.3695652881060195,40.38293739283971,301.0142438840041
"(72, 923.7804313994582)",59.34836946790461,30.46176352545521,0.37338783650359847,41.5201550812344,303.4082216033701
"(73, 923.7804313994582)",59.18395862422712,30.77557297585208,0.3772343843786143,42.67579575556419,305.8059465844212
"(74, 923.7804313994582)",59.01880686341321,31.091365469630013,0.38110523958820464,43.85004487167706,308.20751776370844
"(75, 923.7804313994582)",58.85287941636619,31.409164418549164,0.3850006891041476,45.04308992382935,310.61301274588874
"(76, 923.7804313994582)",58.68614455456292,31.72899151175121,0.38892099878307274,46.25512025467506,313.02248778146003
"(77, 923.7804313994582)",58.51857356203213,32.050866701918096,0.39286641319679055,47.486326866306804,315.43597779898215
"(78, 923.7804313994582)",58.350140701297725,32.37480819597351,0.39683715551832544,48.73690223268362,317.85349648736894
"(79, 923.7804313994582)",58.1808231737324,32.70083245001109,0.40083342745973943,50.0070401136966,320.27503642438495
"(80, 923.7804313994582)",58.01060107469793,33.028954168180924,0.4048554092584919,51.29693537119914,322.7005692480147
"(81, 923.7804313994582)",57.83945734385282,33.359186305277376,0.4089032597091516,52.60678378722451,325.1300458675402
"(82, 923.7804313994582)",57.667377710943235,33.69154007281708,0.4129771162379042,53.936781884680734,327.5633967116746
"(83, 923.7804313994582)",57.494350637367006,34.026024948418105,0.4170770950175142,55.287126750781,330.0005320113311
"(84, 923.7804313994582)",57.32036725378847,34.36264868830977,0.42120329112066507,56.658015863399875,332.4413421149197
"(85, 923.7804313994582)",57.145421294062764,34.70141734281928,0.4253557787097976,58.04964692071275,334.88569783407655
"(86, 923.7804313994582)",56.96950902568178,35.04233527471358,0.42953461126192355,59.46221767420897,337.3334508183293
"(87, 923.7804313994582)",56.79262917698117,35.38540518026707,0.4337398218268676,60.89592576536458,339.7844339569833
"(88, 923.7804313994582)",56.61478286130348,35.730628112953944,0.4379714233176901,62.35096856639234,342.2384618066581
"(89, 923.7804313994582)",56.43597349832849,36.07800350966105,0.442229408831978,63.827543024960185,344.69533104337177
"(90, 923.7804313994582)",56.25620673275516,36.42752921933221,0.4465137520029651,65.32584551338084,347.15482093770896
"(91, 923.7804313994582)",56.07549035053576,36.77920153395127,0.4508244073793052,66.84607168237929,349.6166938518803
"(92, 923.7804313994582)",55.893834192951886,37.13301522172796,0.45516131083185485,68.38841632068927,352.08069575590446
"(93, 923.7804313994582)",55.711250068017684,37.4889635627431,0.4595243799905928,69.95307321371905,354.5465567725593
"(94, 923.7804313994582)",55.527751661500346,37.84703838594414,0.4639135146980992,71.54023502243527,357.01399171741366
"(95, 923.7804313994582)",55.343354444266126,38.20723010909717,0.46832859749927197,73.1500931477689,359.4827006868117
"(96, 923.7804313994582)",55.15807557962502,38.56952777991025,0.472769494145396,74.7828376156866,361.95236963845093
"(97, 923.7804313994582)",54.97193382879451,38.933919119241715,0.47723605412377335,76.43865696213199,364.4226709957025
"(98, 923.7804313994582)",54.78494945536526,39.300390565959745,0.48172811120760045,78.11773812506426,366.89326426353904
"(99, 923.7804313994582)",54.59714412888814,39.66892732338762,0.48624548402526624,79.8202663427476,369.3637966561512
"(100, 923.7804313994582)",54.408540827779774,40.03951340722547,0.4907879766477619,81.54642505847376,371.83390373486293
"(101, 923.7804313994582)",54.21916374175436,40.412131694830286,0.49535537919273115,83.29639583190348,374.30321005479993
"(102, 923.7804313994582)",54.02903817399795,40.78676397572657,0.49994746844361676,85.07035825715263,376.77132981875866
"(103, 923.7804313994582)",53.83819044328141,41.1633910032242,0.5045640084823646,86.86848988779877,379.23786753667986
"(104, 923.7804313994582)",53.64664778624095,41.54199254699858,0.5092047513339304,88.69096616892104,381.702418688991
"(105, 923.7804313994582)",53.45443826000116,41.92254744650873,0.5138694376210582,90.53796037629965,384.16457039227845
"(106, 923.7804313994582)",53.26159064537296,42.30503366509619,0.5185577972274037,92.40964356289061,386.6239020653931
"(107, 923.7804313994582)",53.06813435080475,42.68942834462746,0.5232695499673183,94.30618451266359,389.0799860943461
"(108, 923.7804313994582)",52.874099317290295,43.075707860526045,0.528004406260405,96.22774970188344,391.5323884941683
"(109, 923.7804313994582)",52.67951592441117,43.46384787704692,0.5327620678090565,98.17450326791362,393.98066956600405
"(110, 923.7804313994582)",52.484414897694506,43.853823402640764,0.537542228277087,100.1466069855848,396.42438454764863
"(111, 923.7804313994582)",52.28882721745835,44.24560884525479,0.5423445739675795,102.14422025117416,398.86308425575174
"(112, 923.7804313994582)",52.09278402929193,44.63917806742517,0.5471687844981952,104.16750007402787,401.29631571803196
"(113, 923.7804313994582)",51.89631655633921,45.03450444100248,0.5520145334719692,106.21660107583085,403.7236227936754
"(114, 923.7804313994582)",51.699456013491314,45.43156090137893,0.5568814891420124,108.29167549753613,406.14454678044484
"(115, 923.7804313994582)",51.50223352364818,45.83032000105801,0.5617693150681398,110.39287321392983,408.5586270066945
"(116, 923.7804313994582)",51.30468003612286,46.23075396244607,0.5666776707639725,112.52034175583198,410.96540140695066
"(117, 923.7804313994582)",51.10682624731643,46.632834729718354,0.5716062123326837,114.67422633986743,413.3644070794294
"(118, 923.7804313994582)",50.90870252372709,47.03653401964284,0.5765545930899898,116.85466990579064,415.7551808242192
"(119, 923.7804313994582)",50.71033882737068,47.44182337123794,0.5815224641728167,119.06181316129984,418.1372596607407
"(120, 923.7804313994582)",50.511764643670396,47.848674194149375,0.5865094751323005,121.29579463427189,420.5101813233144
"(17, 924.0812524109172)",68.90567472423517,15.538458489853193,0.1904640679545338,2.776376121363853,173.22789833333977
"(18, 924.0812524109172)",68.71317258425546,15.757865387459221,0.19315346795406638,3.080681199581885,175.4088173749237
"(19, 924.0812524109172)",68.51813559367771,15.982889225925012,0.1959117181169703,3.4001081824450576,177.63823765705945
"(20, 924.0812524109172)",68.3213192959564,16.212845488705817,0.1987304279194553,3.7345373987236345,179.90852532524414
"(21, 924.0812524109172)",68.12336860204319,16.44713689974718,0.20160227619596685,4.083865221730857,182.21301865432983
"(22, 924.0812524109172)",67.92483002186621,16.68524463393654,0.20452090340051032,4.448002147535386,184.54593041102038
"(23, 924.0812524109172)",67.72616377860173,16.92671940114052,0.207480802318416,4.826871129230898,186.9022485283929
"(24, 924.0812524109172)",67.52775516896212,17.171172948501553,0.2104772139049781,5.220406145182963,189.2776412840897
"(25, 924.0812524109172)",67.32992484846334,17.418270269778755,0.2135060317907342,5.628550976796196,191.66837027767056
"(26, 924.0812524109172)",67.13293792134468,17.66772264614587,0.21656371697841237,6.051258172174374,194.0712126400003
"(27, 924.0812524109172)",66.93701183700102,17.91928154135634,0.219647223012375,6.488488174225717,196.48339275562978
"(28, 924.0812524109172)",66.74232316436861,18.1727333149596,0.22275393117536926,6.940208594118947,198.90252310587152
"(29, 924.0812524109172)",66.54901335145915,18.427894685425425,0.2258815948773723,7.406393613573295,201.3265534772843
"(30, 924.0812524109172)",66.35719359189807,18.68460886047908,0.2290282922228142,7.887023501159343,203.75372761363232
"(31, 924.0812524109172)",66.16694892184525,18.942742248226644,0.23219238569691455,8.38208422954519,206.18254634553833
"(32, 924.0812524109172)",65.97834166429517,19.202181665504227,0.23537248794674218,8.891567181631768,208.61173626326723
"(33, 924.0812524109172)",65.79141432821851,19.462831965737887,0.2385674327045168,9.415468934488748,211.04022306355836
"(34, 924.0812524109172)",65.60619205713529,19.72461401710039,0.24177625000467198,9.953791110599,213.46710879693333
"(35, 924.0812524109172)",65.42268470936806,19.987462970262417,0.244998144950655,10.506540286524231,215.89165233782845
"(36, 924.0812524109172)",65.2408886396719,20.251326763817804,0.24823247939504617,11.073727949599249,218.31325249884222
"(37, 924.0812524109172)",65.06078824041576,20.516164823652208,0.25147875599694974,11.655370493779337,220.73143330262144
"(38, 924.0812524109172)",64.88235729010921,20.781946920051578,0.25473660421289623,12.251489246456721,223.1458310095005
"(39, 924.0812524109172)",64.70556014635673,21.04865215340354,0.25800576786398327,12.86211051790947,225.55618257908057
"(40, 924.0812524109172)",64.53035281855347,21.316268042901925,0.261286093965598,13.48726566782617,227.96231528146018
"(41, 924.0812524109172)",64.35668392776586,21.584789707626978,0.26457752268942597,14.126991180745884,230.36413734587674
"(42, 924.0812524109172)",64.18449561172623,21.85421910344994,0.26788007800972624,14.781328746113811,232.7616292370482
"(43, 924.0812524109172)",64.01372432479178,22.124564340141557,0.27119385933275925,15.450325336921955,235.1548358414443
"(44, 924.0812524109172)",63.84430161122217,22.395839033469656,0.27451903355503754,16.134033286816294,237.54385905135737
"(45, 924.0812524109172)",63.676154808735575,22.66806170992661,0.2778558277667289,16.832510354364288,239.9288509579866
"(46, 924.0812524109172)",63.509207708210866,22.941255250047597,0.28120452242805816,17.54581977599832,242.3100074929355
"(47, 924.0812524109172)",63.343381184216256,23.21544636552675,0.28456544496006214,18.274030314738102,244.68756245682602
"(48, 924.0812524109172)",63.17859377027153,23.49066511310507,0.2879389637859704,19.01721628421577,247.0617819890255
"(49, 924.0812524109172)",63.01476220430839,23.76694443836758,0.29132548273929854,19.775457562253905,249.4329593866921
"(50, 924.0812524109172)",62.85180193633772,24.044319749764423,0.29472543584231664,20.548839587431477,251.80141028308992
"(51, 924.0812524109172)",62.689627600946075,24.32282852120397,0.2981392824348845,21.3374533393413,254.16746816597896
"(52, 924.0812524109172)",62.52815345562067,24.602509922056356,0.3015675026391191,22.141395302748723,256.531480222441
"(53, 924.0812524109172)",62.367293785866934,24.8834044734896,0.3050105931469178,22.960767415937806,258.89380349786273
"(54, 924.0812524109172)",62.20696327810536,25.165553730103774,0.3084690633175706,23.795677003915696,261.25480135660746
"(55, 924.0812524109172)",62.04707736144696,25.44899998580997,0.31194343157254,24.646236697158955,263.614840231753
"(56, 924.0812524109172)",61.88755251945247,25.733786002922194,0.31543422207477345,25.512564336799336,265.97428665132065
"(57, 924.0812524109172)",61.72830657315539,26.019954763356598,0.31894196167902394,26.394782867165688,268.3335045275815
"(58, 924.0812524109172)",61.56925893662078,26.307549240855042,0.3224671771398353,27.293020216661795,270.6928526961303
"(59, 924.0812524109172)",61.41033084643365,26.59661219309482,0.326010392563327,28.20740916800859,273.0526826908853
"(60, 924.0812524109172)",61.25144556652379,26.887185972553972,0.32957212708885003,29.138087218825014,275.4133367411695
"(61, 924.0812524109172)",61.092528569749774,27.17931235500297,0.3331528927867096,30.085196433542464,277.7751459771202
"(62, 924.0812524109172)",60.93350769769383,27.47303238449154,0.33675319275807664,31.048883287626413,280.13842882963206
"(63, 924.0812524109172)",60.77431330008398,27.76838623373028,0.3403735194236077,32.0292985049756,282.5034896115035
"(64, 924.0812524109172)",60.61487835524682,28.065413078788406,0.34401435298752914,33.026596889411884,284.87061726663535
"(65, 924.0812524109172)",60.455138572937884,28.364150987072943,0.3476761600645471,34.040937151060774,287.2400842748044
"(66, 924.0812524109172)",60.2950324808444,28.66463681759942,0.3513593924573969,35.07248172837059,289.61214569999964
"(67, 924.0812524109172)",60.134501496012284,28.96690613259584,0.35506448607331986,36.12139660649546,291.98703837077665
"(68, 924.0812524109172)",59.973489982412275,29.270993119577046,0.35879185996889,37.18785113272857,294.36498018216577
"(69, 924.0812524109172)",59.81194529552918,29.57693052301543,0.36254191551245574,38.27201782952512,296.74616950867784
"(70, 924.0812524109172)",59.64981781538977,29.884749584880755,0.3663150356552998,39.37407220574362,299.1307847195556
"(71, 924.0812524109172)",59.487060968590434,30.194479993279675,0.37011158430209223,40.49419256658493,301.51898378708125
"(72, 924.0812524109172)",59.323631240414194,30.506149838574196,0.37393190577299684,41.63255982272667,303.9109039803853
"(73, 924.0812524109172)",59.15948817778404,30.8197855763534,0.37777632434980285,42.789357299041676,306.306661637317
"(74, 924.0812524109172)",58.99459438378571,31.135411996713458,0.38164514389937243,43.964770543390365,308.7063520076864
"(75, 924.0812524109172)",58.828915504434235,31.453052199349187,0.38553864756831197,45.15898713578189,311.11004916195503
"(76, 924.0812524109172)",58.66242020828137,31.772727574008183,0.389457097543398,46.372196498290066,313.5178059599339
"(77, 924.0812524109172)",58.495080159414975,32.09445778590572,0.39340073487279503,47.604589706050895,315.92965407457666
"(78, 924.0812524109172)",58.32686998434514,32.41826076574132,0.3973697793436844,48.856359299648155,318.3456040665135
"(79, 924.0812524109172)",58.15776723322727,32.744152703996036,0.40136442941235834,50.127699099163934,320.7656455054013
"(80, 924.0812524109172)",57.987752335803805,33.07214804923803,0.4053848621834551,51.41880402019775,323.1897471347165
"(81, 924.0812524109172)",57.81680855246809,33.40225951016744,0.4094312334350237,52.729869892094136,325.6178570766892
"(82, 924.0812524109172)",57.644921920727796,33.73449806120655,0.41350367768704244,54.06109327867308,328.0499030748893
"(83, 924.0812524109172)",57.47208119742677,34.06887295141177,0.4176023083106606,55.41267130166373,330.4857927717415
"(84, 924.0812524109172)",57.298277796944475,34.40539171656441,0.42172721767640403,56.7848014671402,332.9254140190427
"(85, 924.0812524109172)",57.12350572566977,34.74406019426721,0.4258784773392184,58.177681495190186,335.3686352192892
"(86, 924.0812524109172)",56.94776151295747,35.084882541925566,0.43005613825887895,59.59150915301567,337.8153056962517
"(87, 924.0812524109172)",56.771044138806275,35.42786125748437,0.43426023105417155,61.026482091666466,340.2652560931266
"(88, 924.0812524109172)",56.59335495846408,35.77299720281291,0.4384907662895391,62.48279768688708,342.718298796573
"(89, 924.0812524109172)",56.41469762416244,36.12028962963747,0.44274773479294627,63.96065288392906,345.1742283856333
"(90, 924.0812524109172)",56.23507800418051,36.46973620792447,0.44703110800379614,65.46024404683776,347.6328221039502
"(91, 924.0812524109172)",56.05450409943213,36.82133305662461,0.45134083834977207,66.981766812351,350.0938403540997
"(92, 924.0812524109172)",55.87298595776547,37.175074776689186,0.4556768596515461,68.52541594960664,352.5570272118678
"(93, 924.0812524109172)",55.690535586173695,37.530954486269046,0.46003908755422496,70.091385218923,355.02211096616077
"(94, 924.0812524109172)",55.50716686110884,37.888963858006576,0.4644274199844658,71.67986725085865,357.48880466235755
"(95, 924.0812524109172)",55.32289543708531,38.24909315833421,0.46884173763217946,73.29105341073188,359.9568066829231
"(96, 924.0812524109172)",55.13773865378325,38.61133128867874,0.4732819044555964,74.92513368385124,362.4258013289004
"(97, 924.0812524109172)",54.951715441843355,38.97566582847723,0.477747768208534,76.58229656062522,364.89545942203745
"(98, 924.0812524109172)",54.76484622755615,39.34208307990085,0.4822391609886109,78.26272892875511,367.3654389191903
"(99, 924.0812524109172)",54.57715283666538,39.710568114171814,0.486755899804976,79.9666159717001,369.83538553848507
"(100, 924.0812524109172)",54.38865839745991,40.08110481937514,0.49129778716436895,81.69414107357957,372.3049333959827
"(101, 924.0812524109172)",54.199387243408026,40.45367594962446,0.4958646116737652,83.44548573068529,374.77370565106077
"(102, 924.0812524109172)",54.009364815503716,40.82826317547543,0.5004561486583357,85.22082946976951,377.24131515916946
"(103, 924.0812524109172)",53.8186175645623,41.204847135444304,0.5050721607929329,87.0203497732283,379.7073651301933
"(104, 924.0812524109172)",53.62717285365451,41.583407488504776,0.5097123987455783,88.84422201133984,382.17144979084696
"(105, 924.0812524109172)",53.43505886090514,41.963922967414,0.5143766018311061,90.69261938166171,384.63315504929847
"(106, 924.0812524109172)",53.24230448283583,42.34637143273581,0.5190644986733646,92.56571285570345,387.0920591604241
"(107, 924.0812524109172)",53.04893923847597,42.73072992740129,0.5237758078739958,94.46367113296634,389.5477333897757
"(108, 924.0812524109172)",52.854993174413266,43.116974731668165,0.5285102386860989,96.38666060242858,391.9997426746144
"(109, 924.0812524109172)",52.660496770982164,43.50508141832155,0.5332674916908703,98.33484531154944,394.44764628017833
"(110, 924.0812524109172)",52.46548084976533,43.89502490796596,0.5380472594753373,100.30838694284644,396.89099844938494
"(111, 924.0812524109172)",52.26997648258016,44.28677952425498,0.5428492273093471,102.30744479807446,399.32934904424576
"(112, 924.0812524109172)",52.07401490209167,44.68031904891655,0.5476730738200479,104.33217579005286,401.7622441773138
"(113, 924.0812524109172)",51.87762741423747,45.07561677640663,0.5525184716618025,106.38273444213672,404.18922683126755
"(114, 924.0812524109172)",51.68084531255563,45.47264556806711,0.5573850881800438,108.45927289534495,406.6098374652394
"(115, 924.0812524109172)",51.48369979457398,45.87137790562855,0.5622725860670814,110.5619409231269,409.02361460606693
"(116, 924.0812524109172)",51.28622188035446,46.2717859439287,0.5671806240083048,112.69088595374954,411.4300954230502
"(117, 924.0812524109172)",51.08844233329138,46.673841562711466,0.5721088573171211,114.8462531002712,413.82881628471284
"(118, 924.0812524109172)",50.890391583259074,47.077516417376515,0.5770569385570123,117.02818519803976,416.2193132961338
"(119, 924.0812524109172)",50.69209965215666,47.48278198856685,0.5820245181493667,119.23682284970394,418.6011228156234
"(120, 924.0812524109172)",50.49359608192351,47.889609630474695,0.5870112449655881,121.47230447761306,420.97378194947925
"(17, 924.3855585466764)",68.81409313677813,15.632064042925574,0.1916114465334936,2.8345103196484023,174.2883437081517
"(18, 924.3855585466764)",68.62532327667726,15.848683443760052,0.19426667853786045,3.139628572293414,176.43768357493437
"(19, 924.3855585466764)",68.43381883480343,16.071071897888036,0.19699262523759367,3.4598899683410975,178.63724794148803
"(20, 924.3855585466764)",68.2403375491369,16.29854289392507,0.1997808716569662,3.7951722791183453,180.87938035444822
"(21, 924.3855585466764)",68.04552991783328,16.530494640970275,0.20262404128928344,4.145369641250032,183.15736794092908
"(22, 924.3855585466764)",67.8499502532244,16.766402169827046,0.2055156992768826,4.510390603736809,185.46535386243508
"(23, 924.3855585466764)",67.65406791431099,17.005809081060892,0.20845025126219086,4.89015643021909,187.79824551197623
"(24, 924.3855585466764)",67.45827802391028,17.24831952928599,0.21142284513439413,5.284599636415852,190.15162515266854
"(25, 924.3855585466764)",67.2629112966607,17.49359077334752,0.21442927971261977,5.693662739470679,192.52166675644085
"(26, 924.3855585466764)",67.06824281292124,17.741326451175212,0.217465922311844,6.117297196093118,194.90506086500892
"(27, 924.3855585466764)",66.87449970427045,17.99127062988297,0.22052963581143714,6.5554625081533935,197.29894806749707
"(28, 924.3855585466764)",66.68186779377253,18.243202616326613,0.22361771504511727,7.00812547663141,199.70086094628084
"(29, 924.3855585466764)",66.49049727676856,18.496932476250535,0.22672783187647597,7.475259587053279,202.10867392015987
"(30, 924.3855585466764)",66.3005075477922,18.752297191590642,0.2298579880967649,7.95684451142163,204.52056020182167
"(31, 924.3855585466764)",66.11199128516911,19.009157378424224,0.2330064751948773,8.452865713201039,206.9349550048079
"(32, 924.3855585466764)",65.92501790146072,19.2673944886086,0.23617184005617547,8.963314143025896,209.3505241402982
"(33, 924.3855585466764)",65.7396364609258,19.526908422093843,0.23935285569519682,9.488186013754309,211.76613718779225
"(34, 924.3855585466764)",65.55587815400294,19.787615484096357,0.2425484962155168,10.02748264412723,214.18084450470968
"(35, 924.3855585466764)",65.3737584079245,20.04944662876256,0.24575791528130703,10.581210360945043,216.59385742363273
"(36, 924.3855585466764)",65.19327870080798,20.312345939119268,0.248980427485183,11.149380450107566,219.00453107797358
"(37, 924.3855585466764)",65.01442813582626,20.57626930072588,0.25221549209037775,11.732009147587323,221.41234938250133
"(38, 924.3855585466764)",64.83718482226384,20.841183233552282,0.2554626987123811,12.329117661923215,223.8169117751625
"(39, 924.3855585466764)",64.66151709978445,21.107063853464357,0.25872175458924207,12.94073221984164,226.217921404311
"(40, 924.3855585466764)",64.48738464080931,21.373895938033996,0.26199247313066604,13.56688412933705,228.6151744805788
"(41, 924.3855585466764)",64.31473943814764,21.64167208623339,0.2652747636178866,14.20760985201283,231.00855068324483
"(42, 924.3855585466764)",64.1435267359055,21.910391935426244,0.268568621605843,14.862951080276835,233.39800421095134
"(43, 924.3855585466764)",63.9736858530986,22.180061460264568,0.2718741203293902,15.532954813359623,235.78355576171
"(44, 924.3855585466764)",63.8051509788244,22.4506923079985,0.2751914025557526,16.2176734320206,238.16528492672202
"(45, 924.3855585466764)",63.63785189565203,22.722301187948773,0.2785206731009361,16.917164760543503,240.54332321066158
"(46, 924.3855585466764)",63.471714657384474,22.994909300940762,0.2818621918360053,17.631492117532893,242.91784751598334
"(47, 924.3855585466764)",63.3066622360748,23.268541803814834,0.2852162671232042,18.360724362747195,245.28907402853397
"(48, 924.3855585466764)",63.142615112067524,23.543227311936846,0.28858324971798044,19.10493591923193,247.65725255853846
"(49, 924.3855585466764)",62.97949183289067,23.818997432699945,0.29196352705084566,19.86420678519963,250.022661242954
"(50, 924.3855585466764)",62.817209533036355,24.09588633025702,0.29535751789199716,20.638622528973382,252.38560161858038
"(51, 924.3855585466764)",62.65568441736692,24.37393031974944,0.2987656673775817,21.428274267763406,254.74639404563297
"(52, 924.3855585466764)",62.49483220930077,24.653167489757735,0.3021884423818507,22.23325863040911,257.1053734670881
"(53, 924.3855585466764)",62.334568564789656,24.93363735185227,0.30562632722145694,23.053677704460647,259.4628854907151
"(54, 924.3855585466764)",62.174809453252486,25.21538051608617,0.30907981967783144,23.889638968156554,261.8192827802417
"(55, 924.3855585466764)",62.0154715065436,25.49843839137274,0.3125494273244867,24.741255208078933,264.1749217427106
"(56, 924.3855585466764)",61.85647233725582,25.78285290958763,0.31603566414520695,25.608644423314377,266.53015949822253
"(57, 924.3855585466764)",61.69773082763257,26.068666272280396,0.31953904742931905,26.49192971705341,268.8853511183706
"(58, 924.3855585466764)",61.53916739046285,26.355920718838686,0.32306009492995946,27.3912391766275,271.2408471193454
"(59, 924.3855585466764)",61.38070420339056,26.644658314935132,0.3265993222709373,28.30670574294975,273.5969911954366
"(60, 924.3855585466764)",61.222265418130036,26.934920760067083,0.33015724058763257,29.23846707039678,275.95411817843143
"(61, 924.3855585466764)",61.063777346015065,27.22674921304635,0.33373435438792587,30.186665378074164,278.3125522090231
"(62, 924.3855585466764)",60.905168621414404,27.52018413425416,0.3373311596186142,31.151447293451334,280.6726051057994
"(63, 924.3855585466764)",60.74637034444123,27.815265143545407,0.340948141923677,32.132963689243404,283.0345749183262
"(64, 924.3855585466764)",60.5873162044145,28.112030892687194,0.3445857750806608,33.13136951442134,285.3987446507547
"(65, 924.3855585466764)",60.42794258541808,28.410518951289117,0.3482445196024735,34.146823620172036,287.76538114337944
"(66, 924.3855585466764)",60.26818865531426,28.710765705196753,0.3519248214919272,35.179488581547396,290.13473409970715
"(67, 924.3855585466764)",60.107996439467634,29.012806266381524,0.3556271111372021,36.2295305155129,292.50703524739066
"(68, 924.3855585466764)",59.94731088040624,29.316674393454424,0.3593518023375428,37.297118896079525,294.8824976224649
"(69, 924.3855585466764)",59.786079884344915,29.622402421897295,0.3630992914480607,38.382426367076214,297.2613149660418
"(70, 924.3855585466764)",59.62425435599041,29.93002120328873,0.3668699566347839,39.48562855316862,299.643661224671
"(71, 924.3855585466764)",59.461788222190314,30.239560052739943,0.3706641572303546,40.606903869599876,302.0296901450145
"(72, 924.3855585466764)",59.298638445561224,30.55104670389964,0.37448223318249296,41.74643333116103,304.41953495504447
"(73, 924.3855585466764)",59.13476502882633,30.864507270905662,0.3783245045876188,42.904400360764406,306.81330812435624
"(74, 924.3855585466764)",58.970131010614026,31.17996621672636,0.38219127130279146,44.08099059813316,309.21110119676206
"(75, 924.3855585466764)",58.80470245340185,31.497446327387372,0.38608281262979227,45.276391708849545,311.6129846892128
"(76, 924.3855585466764)",58.63844842422335,31.816968691622908,0.38999938706569887,46.49079319421341,314.0190080513741
"(77, 924.3855585466764)",58.4713409686649,32.13855268555956,0.3939412321151436,47.72438620217344,316.42919968114944
"(78, 924.3855585466764)",58.30335507868721,32.462215962051545,0.39790856415959414,48.977363339675726,318.8435669914967
"(79, 924.3855585466764)",58.13446865471276,32.787974444349786,0.4019015783797464,50.2499184866956,321.2620965246571
"(80, 924.3855585466764)",57.964662462368395,33.11584232382731,0.40592044872764416,51.54224661224603,323.68475411037485
"(81, 924.3855585466764)",57.79392008427551,33.44583206149553,0.4099653279452698,52.854543592615215,326.1114850648444
"(82, 924.3855585466764)",57.62222786722467,33.77795439308783,0.41403634762685027,54.187006032110325,328.54221442756153
"(83, 924.3855585466764)",57.44957486499995,34.11221833753151,0.4181336183227066,55.53983108653437,330.97684723384356
"(84, 924.3855585466764)",57.27595277719376,34.44863120860431,0.4222572296821374,56.91321628964973,333.4152688204451
"(85, 924.3855585466764)",57.101355884210115,34.787198629650774,0.42640725063379653,58.30735938292691,335.85734516254774
"(86, 924.3855585466764)",56.92578097873585,35.12792455120065,0.43058372960166474,59.72245814868291,338.302923240263
"(87, 924.3855585466764)",56.74922729388344,35.470811271377976,0.43478669475520276,61.1587102469141,340.7518314330373
"(88, 924.3855585466764)",56.571696428236926,35.81585945897891,0.4390161542922444,62.61631305621816,343.203879940232
"(89, 924.3855585466764)",56.393192267989875,36.163068179124714,0.443272096753424,64.0954635187091,345.6588612268611
"(90, 924.3855585466764)",56.21372090638261,36.51243492138792,0.4475544913669515,65.59635798940627,348.11655049290687
"(91, 924.3855585466764)",56.03329056064285,36.8639556302968,0.45186328842251294,67.11919209024144,350.57670616494113
"(92, 924.3855585466764)",55.851911486614846,37.21762473813146,0.4561984196732711,68.66416056990478,353.03907040788306
"(93, 924.3855585466764)",55.66959589127433,37.573435199920326,0.46055979876485914,70.23145716272802,355.50336966267116
"(94, 924.3855585466764)",55.4863578433183,37.93137853055181,0.4649473216902354,71.82127446792771,357.9693151874818
"(95, 924.3855585466764)",55.30221318204822,38.291444843893835,0.46936086726924814,73.4338038142234,360.43660363641294
"(96, 924.3855585466764)",55.117179424712994,38.65362289384626,0.47380029765179227,75.06923514525292,362.90491763918055
"(97, 924.3855585466764)",54.93127567254612,39.017900117206906,0.47826545884328087,76.72775690482645,365.3739264016022
"(98, 924.3855585466764)",54.744522515671584,39.38426267826348,0.4827561812512119,78.40955592929792,367.84328631846415
"(99, 924.3855585466764)",54.55694193711989,39.75269551498414,0.48727228025135727,80.1148173461883,370.3126415982752
"(100, 924.3855585466764)",54.368557216116756,40.12318238671431,0.4918135567724214,81.84372447928078,372.7816248986215
"(101, 924.3855585466764)",54.17939283090886,40.49570592323327,0.4963797978973403,83.59645876030787,375.2498579703114
"(102, 924.3855585466764)",53.989474361290014,40.87024767506738,0.5009707774800134,85.37319964742731,377.71695230899763
"(103, 924.3855585466764)",53.798828391067445,41.24678816491476,0.5055862567756436,87.17412455059822,380.18250981247843
"(104, 924.3855585466764)",53.60748241066974,41.625306940049256,0.5102259850830786,88.99940876401836,382.6461234420314
"(105, 924.3855585466764)",53.415464720094384,42.005782625567555,0.5148897003974996,90.84922540571553,385.107377886158
"(106, 924.3855585466764)",53.22280433242304,42.38819297832319,0.519577130071513,92.7237453644245,387.5658502248102
"(107, 924.3855585466764)",53.02953087806798,42.77251494141735,0.5242879914830868,94.62313725382892,390.0211105925795
"(108, 924.3855585466764)",52.835674509983555,43.15872469907672,0.529021992708212,96.54756737425228,392.47272283880403
"(109, 924.3855585466764)",52.64126580999162,43.546797731784984,0.5337788331966903,98.49719968186697,394.92024518304885
"(110, 924.3855585466764)",52.44633569643219,43.93670887150006,0.5385582044489557,100.47219576547661,397.3632308639665
"(111, 924.3855585466764)",52.250915333282194,44.3284323568168,0.5433597906922419,102.47271483090344,399.8012287799497
"(112, 924.3855585466764)",52.05503604091925,44.72194188791667,0.5481832695541317,104.4989136930205,402.2337841197188
"(113, 924.3855585466764)",51.858729208669324,45.117210681158504,0.5530283127317098,106.55094677542067,404.660438981207
"(114, 924.3855585466764)",51.66202620928097,45.514211523161755,0.5578945866544855,108.62896611775606,407.0807329770177
"(115, 924.3855585466764)",51.46495831544442,45.91291682424138,0.5627817531393883,110.73312139069854,409.4942038249326
"(116, 924.3855585466764)",51.26755661846804,46.313298671056884,0.5676894700361075,112.86355991852393,411.90038792187005
"(117, 924.3855585466764)",51.06985194921434,46.7153288783379,0.5726173918611291,115.02042670927703,414.29882089981396
"(118, 924.3855585466764)",50.87187480137136,47.11897903956542,0.5775651704189627,117.20386449246658,416.6890381623726
"(119, 924.3855585466764)",50.67365525713174,47.52422057648533,0.5825324554090624,119.41401376424808,419.07057540062493
"(120, 924.3855585466764)",50.475222915340254,47.93102478733961,0.5875188950170144,121.65101284001894,421.44296908701
"(17, 924.6921954693303)",68.72299870234279,15.72562882581483,0.19275832536822632,2.893441536126064,175.34867754361065
"(18, 924.6921954693303)",68.53786243922825,15.939527388340503,0.19538020644959866,3.199368840641541,177.46718321248883
"(19, 924.6921954693303)",68.34980570504878,16.159337214232934,0.19807454537924157,3.520461242904699,179.6375249904157
"(20, 924.6921954693303)",68.15958669705647,16.38437109265343,0.2008329186078057,3.85659393219631,181.85203849776886
"(21, 924.6921954693303)",67.96785989400937,16.614023907124352,0.20364790886503772,4.20765877661732,184.10397317453248
"(22, 924.6921954693303)",67.77518596348386,16.847765607844998,0.20651301901730426,4.573562342124115,186.3874146059865
"(23, 924.6921954693303)",67.58204212129588,17.085133619842164,0.20942257900980954,4.954224165017734,188.69720020041234
"(24, 924.6921954693303)",67.38883220074459,17.325725314700815,0.21237165358813884,5.349575260169301,191.0288353516989
"(25, 924.6921954693303)",67.19589601150794,17.56919091181515,0.2153559552847113,5.759556843029543,193.37841425658507
"(26, 924.6921954693303)",67.0035177822082,17.815226999680444,0.21837176500541408,6.18411924294782,195.7425475684212
"(27, 924.6921954693303)",66.8119336187337,18.063570753687696,0.2214158611537017,6.623220986713424,198.1182977752354
"(28, 924.6921954693303)",66.62133799465951,18.313994856171124,0.2244854573626187,7.076828033201821,200.5031223863748
"(29, 924.6921954693303)",66.43188933869352,18.566303082708693,0.22757814839346513,7.544913142100323,202.894824536698
"(30, 924.6921954693303)",66.24371480897089,18.820326496219725,0.2306918634846099,8.027455361458543,205.29151036103642
"(31, 924.6921954693303)",66.05691435386281,19.07592018033277,0.23382482631045687,8.524439620354268,207.69155237589692
"(32, 924.6921954693303)",65.87156415865134,19.332960441691323,0.23697552068843772,9.035856414097662,210.09355808378152
"(33, 924.6921954693303)",65.68771957285088,19.59134241298139,0.24014266119791286,9.56170157027321,212.4963430386724
"(34, 924.6921954693303)",65.50541760344616,19.850977994393823,0.24332516794746126,10.101976084713721,214.89890767756773
"(35, 924.6921954693303)",65.32467904969167,20.111794077705852,0.24652214480662613,10.65668601700626,217.300417296041
"(36, 924.6921954693303)",65.1455103446388,20.37373100446156,0.24973286050576918,11.22584243581301,219.70018462610273
"(37, 924.6921954693303)",64.96790515777563,20.636741217105946,0.25295673210452013,11.809461404784713,222.0976545636912
"(38, 924.6921954693303)",64.79184580517342,20.900788068196032,0.25619331039329063,12.407564000634135,224.4923906514934
"(39, 924.6921954693303)",64.61730450186089,21.165844759929932,0.2594422668955824,13.020176354807514,226.88406301840854
"(40, 924.6921954693303)",64.44424449138599,21.431893388866758,0.26270338215834194,13.647329713031992,229.2724374921837
"(41, 924.6921954693303)",64.27262105894319,21.69892408582964,0.26597653520923903,14.289060504413953,231.6573657815429
"(42, 924.6921954693303)",64.10238248645665,21.966934214229944,0.26926169373004455,14.945410415721913,234.0387763153034
"(43, 924.6921954693303)",63.93347089821476,22.235927651894748,0.27255890525358095,15.616426464672346,236.4166660289786
"(44, 924.6921954693303)",63.76582307666678,22.505914110486742,0.2758682888214321,16.302161072160846,238.79109257849652
"(45, 924.6921954693303)",63.599371204525994,22.77690851050397,0.2791900273229632,17.00267212191159,241.1621671965016
"(46, 924.6921954693303)",63.43404355967436,23.048930397475974,0.2825243603392765,17.718023009065462,243.53004802662832
"(47, 924.6921954693303)",63.26976517781684,23.322003394447183,0.2858715774319965,18.448282685055812,245.89493387281766
"(48, 924.6921954693303)",63.10645845665884,23.59615469356364,0.2892320119113093,19.193525677800555,248.25705841647957
"(49, 924.6921954693303)",62.94404372763487,23.87141457968608,0.29260603499666343,19.953832101818826,250.61668480682158
"(50, 924.6921954693303)",62.78243978728426,24.147815986186057,0.29599405037185217,20.729287651522203,252.97410063268535
"(51, 924.6921954693303)",62.62156439117262,24.42539408108364,0.2993964891120793,21.51998357845069,255.32961325440732
"(52, 924.6921954693303)",62.46133471153613,24.704185882215686,0.3028138049668423,22.326016652594475,257.6835454806165
"(53, 924.6921954693303)",62.30166775983571,24.98422990019434,0.3062464699834783,23.14748910812102,260.0362315756339
"(54, 924.6921954693303)",62.14248077541011,25.2655658079696,0.3096949704567738,23.98450857414332,262.38801358334024
"(55, 924.6921954693303)",61.983691581447964,25.548234135835422,0.3131598031904952,24.837187991227907,264.73923795373446
"(56, 924.6921954693303)",61.8252189096006,25.83227599069655,0.3166414720562673,25.705645514514302,267.0902524578361
"(57, 924.6921954693303)",61.66698269460964,26.117732798406873,0.3201404848352575,26.590004404353472,269.44140337657655
"(58, 924.6921954693303)",61.508904340389755,26.404646067973836,0.32365735032790416,27.490392905461402,271.7930329490344
"(59, 924.6921954693303)",61.35090695902375,26.693057176431218,0.3271925757169559,28.40694411556571,274.14547706541134
"(60, 924.6921954693303)",61.192915584243075,26.983007173134293,0.3307466641686221,29.3397958445477,276.49906318969266
"(61, 924.6921954693303)",61.034857360847944,27.2745366023101,0.33432011265744993,30.28909046506159,278.8541084977096
"(62, 924.6921954693303)",60.876661711654826,27.567685342637766,0.3379134099999771,31.25497475555403,281.2109182158527
"(63, 924.6921954693303)",60.71826048341481,27.86249246272656,0.3415270350832329,32.23759973661742,283.5697841466282
"(64, 924.6921954693303)",60.5595880731975,28.15899609134776,0.34516145527409947,33.237120501518724,285.9309833672774
"(65, 924.6921954693303)",60.40058153664404,28.457233301341727,0.34881712499628936,34.25369604172217,288.2947770883964
"(66, 924.6921954693303)",60.2411806794305,28.757240006171703,0.3524944844623441,35.287489068144204,290.6614096601705
"(67, 924.6921954693303)",60.08132813321991,29.059050868140496,0.3561939585485913,36.33866582888409,293.03110771432443
"(68, 924.6921954693303)",59.92096941741488,29.362699217350006,0.359915955801787,37.4073959240279,295.40407943076895
"(69, 924.6921954693303)",59.760052987545436,29.66821698053301,0.3636608675667608,38.493852118174715,297.78051391841467
"(70, 924.6921954693303)",59.598530271833106,29.975634618977672,0.36742906722552154,39.5982101512153,300.1605807008004
"(71, 924.6921954693303)",59.43635569644056,30.284981074773487,0.37122090953836506,40.72064854787333,302.5444292972791
"(72, 924.6921954693303)",59.273486700569016,30.596283724726565,0.37503673007898053,41.86134842651071,304.93218889186045
"(73, 924.6921954693303)",59.109883742164996,30.909568341300695,0.3788768447556888,43.0204933075525,307.32396808207795
"(74, 924.6921954693303)",58.94551029497939,31.224859060030447,0.3827415494119953,44.198268922048996,309.71985470106205
"(75, 924.6921954693303)",58.78033283766477,31.54217835289647,0.3866311195002495,45.394863020638965,312.1199157068117
"(76, 924.6921954693303)",58.61432083556492,31.861547007184093,0.39054580982249265,46.61046518331768,314.52419713279056
"(77, 924.6921954693303)",58.44744671569838,32.18298410944263,0.39448585433383626,47.845266630317234,316.93272409523223
"(78, 924.6921954693303)",58.27968583550545,32.50650703414543,0.3984514660034665,49.09946003440897,319.34550085230967
"(79, 924.6921954693303)",58.11101644578317,32.83213143673999,0.4024428367294578,50.373239334919916,321.76251091134765
"(80, 924.6921954693303)",57.941419648216154,33.15987125080014,0.4064601373038575,51.66679955371201,324.18371718055744
"(81, 924.6921954693303)",57.770879347902,33.48973868901071,0.41050351742475844,52.98033661344612,326.60906216193627
"(82, 924.6921954693303)",57.59938220119272,33.82174424776629,0.41457310575267303,54.314047158330396,329.0384681826477
"(83, 924.6921954693303)",57.426917559161005,34.15589671518483,0.4186690100087576,55.668128377630886,331.4718376623382
"(84, 924.6921954693303)",57.253477406982626,34.492203182354004,0.4227913171126624,57.042777832183994,333.9090534140936
"(85, 924.6921954693303)",57.079056299487206,34.83066905765837,0.42694009335815475,58.438193284187015,336.34997897704596
"(86, 924.6921954693303)",56.903651293131055,35.17129808404262,0.43111538462471793,59.85457253042035,338.7944589788149
"(87, 924.6921954693303)",56.727261874602185,35.514092359093844,0.4353172166237155,61.29211323913866,341.24231952624285
"(88, 924.6921954693303)",56.549889886297905,35.85905235781759,0.43954559517757447,62.75101279108992,343.6933686225349
"(89, 924.6921954693303)",56.37153944886518,36.20617695801155,0.44380050653079667,64.23146812452049,346.14739660984276
"(90, 924.6921954693303)",56.19221688100876,36.55546346813667,0.44808191769159567,65.73367558467432,348.604176635675
"(91, 924.6921954693303)",56.0119306167854,36.906907657581996,0.4523897768028754,67.25783077791047,351.0634651418207
"(92, 924.6921954693303)",55.8306911205496,37.260503789246755,0.45672401354159764,68.80412843167811,353.525002373666
"(93, 924.6921954693303)",55.64851079977277,37.61624465433591,0.4610845395453056,70.37276225351047,355.9885129156034
"(94, 924.6921954693303)",55.46540391591885,37.9741216092846,0.4654712488647154,71.96392481044252,358.4537062301222
"(95, 924.6921954693303)",55.28138649358659,38.33412461471145,0.46988401844119804,73.57780739374644,360.9202772345962
"(96, 924.6921954693303)",55.09647622810616,38.6962422763107,0.4743227086080139,75.21459990451037,363.3879068791934
"(97, 924.6921954693303)",54.910692391803096,39.06046188757719,0.47878716361401935,76.87449073905529,365.8562627457257
"(98, 924.6921954693303)",54.72405573913319,39.42676947425999,0.4832772121685651,78.55766668146859,368.3249996589792
"(99, 924.6921954693303)",54.536588410893884,39.79514984043532,0.48779266800623,80.26431280241101,370.7937603101119
"(100, 924.6921954693303)",54.34831383772605,40.16558661608068,0.49233333046997774,81.99461236437675,373.2621758906343
"(101, 924.6921954693303)",54.15925664311382,40.53806230603107,0.4968989851112299,83.74874673357706,375.7298667354081
"(102, 924.6921954693303)",53.969442546100744,40.91255834018681,0.5014894043053043,85.52689529859659,378.1964429730818
"(103, 924.6921954693303)",53.77889826392061,41.28905512484797,0.506104347880639,87.32923539596898,380.6615051823527
"(104, 924.6921954693303)",53.587651414777,41.66753209502645,0.5107435637600246,89.15594224280493,383.1246450522821
"(105, 924.6921954693303)",53.395730420952184,42.04796776760831,0.5154067886122388,91.0071888765908,385.58544604505727
"(106, 924.6921954693303)",53.203164412469505,42.43033979521109,0.5200937485122059,92.8831461022613,388.0434840593641
"(107, 924.6921954693303)",53.00998313150242,42.81462502059171,0.5248041596079155,94.78398244664666,390.4983280926335
"(108, 924.6921954693303)",52.816216837723296,43.200799531454415,0.5295377287922253,96.70986412037608,392.9495409003495
"(109, 924.6921954693303)",52.62189621478679,43.588838715502995,0.5342941543776791,98.66095498728703,395.3966796506384
"(110, 924.6921954693303)",52.42705227810849,43.978717315593315,0.5390731267725362,100.63741654142005,397.839296572393
"(111, 924.6921954693303)",52.231716284135615,44.37040948482019,0.543874329156003,102.6394078916076,400.27693959506604
"(112, 924.6921954693303)",52.03591964124179,44.76388884140042,0.5486974381509745,104.6670857537153,402.7091529785063
"(113, 924.6921954693303)",51.83969382241748,45.15912852319138,0.5535421244922949,106.72060445052168,405.13547793101577
"(114, 924.6921954693303)",51.64307027987617,45.55610124170626,0.558408053688855,108.80011591925238,407.55545321405066
"(115, 924.6921954693303)",51.446080361708304,45.95477933547928,0.5632948866777205,110.90576972674475,409.9686157319242
"(116, 924.6921954693303)",51.24875523069413,46.35513482264246,0.5682022804686074,113.03771309222809,412.3745011049687
"(117, 924.6921954693303)",51.051125785368455,46.75713945258237,0.5731298887770445,115.1960909176871,414.77264422465123
"(118, 924.6921954693303)",50.85322258342583,47.160764756548346,0.5780773626447342,117.38104582574584,417.1625797893336
"(119, 924.6921954693303)",50.65507576753054,47.565982097093226,0.583044351045567,119.59271820503122,419.54384281928503
"(120, 924.6921954693303)",50.456714993590296,47.9727627162326,0.5880305014759281,121.83124626295603,421.91596914975116
"(17, 925.0)",68.6327199116937,15.81880879701974,0.1939004873387423,2.9529494331096497,176.40500135522697
"(18, 925.0)",68.4511090313713,16.030060695962167,0.19648992670056636,3.2596787456702803,178.4935034523536
"(19, 925.0)",68.26640541419617,16.24735626009166,0.19915344683801028,3.5815957117409862,180.63534261341852
"(20, 925.0)",68.07936616999113,16.4700087423317,0.20188262988633732,3.9185729283280595,182.82285971653397
"(21, 925.0)",67.89064829130498,16.697410793648146,0.20467003120952557,4.270499975768189,185.04927889304295
"(22, 925.0)",67.70081745396111,16.92902827974081,0.20750910360782238,4.637281412623829,187.30863942461187
"(23, 925.0)",67.51035752032975,17.164393339113264,0.21039411222638618,5.018835019216839,189.59571879019038
"(24, 925.0)",67.3196799632452,17.40309734222883,0.2133200482515158,5.415090279914878,191.90595435273724
"(25, 925.0)",67.12913274973913,17.644784149759364,0.21628254627300653,5.8259870782512255,194.2353682242798
"(26, 925.0)",66.93900844174308,17.88914388919993,0.21927780800045157,6.251474586450215,196.58049781396747
"(27, 925.0)",66.74955141474803,18.135907350400316,0.2223025335659549,6.6915103274694365,198.93833322103882
"(28, 925.0)",66.56096418541367,18.384841025259984,0.22535386072273786,7.146059390711492,201.30626177782102
"(29, 925.0)",66.37341289330365,18.63574277073159,0.22842931168401684,7.615093784231072,203.6820195234845
"(30, 925.0)",66.18703201109045,18.888438048456287,0.2315267470299868,8.098591908017763,206.06364909472003
"(31, 925.0)",66.00192837129578,19.142776681314636,0.23464432595094645,8.59653813437439,208.44946337025107
"(32, 925.0)",65.8181846002382,19.398630063129037,0.23778047204498426,9.108922482573242,210.8380141590372
"(33, 925.0)",65.63586204732967,19.65588875827791,0.2409338438950116,9.63574037586296,213.22806522702277
"(34, 925.0)",65.45500329030071,19.914460432460338,0.24410330970494395,10.17699246962997,215.6185690074432
"(35, 925.0)",65.27563428846126,20.174268061435424,0.24728792534313546,10.732684540192029,218.00864640220826
"(36, 925.0)",65.09776624651592,20.435248371122924,0.25048691522180067,11.302827424258941,220.3975691559067
"(37, 925.0)",64.92139724189278,20.69735046914745,0.25369965552301954,11.887436999720665,222.7847443590724
"(38, 925.0)",64.74651365997082,20.960534634127573,0.25692565935834705,12.486534199192304,225.16970070727868
"(39, 925.0)",64.57309147178657,21.22477123534443,0.26016456352655026,13.100145047639083,227.5520762144199
"(40, 925.0)",64.40109738811651,21.490039758267624,0.2634161165689091,13.728300718288757,229.93160710795217
"(41, 925.0)",64.23048989598495,21.75632792619534,0.26668016800263356,14.371037598444069,232.30811780399193
"(42, 925.0)",64.06122023598253,22.023630881286483,0.2699566582822952,15.028397360722192,234.68151155040087
"(43, 925.0)",63.89323326843101,22.2919504503926,0.2732456098006926,15.700427033573254,237.05176203206742
"(44, 925.0)",63.726468308395326,22.561294449579616,0.2765471183639651,16.387179070961437,239.4189054157063
"(45, 925.0)",63.56085988539733,22.831676045440812,0.27986134536282653,17.08871140958761,241.78303305102693
"(46, 925.0)",63.39633845444856,23.103113158763225,0.28318851046295473,17.805087515236792,244.14428466299637
"(47, 925.0)",63.232831073529425,23.37562790556097,0.28652888475340443,18.53637642562977,246.5028419712693
"(48, 925.0)",63.070262021169086,23.649246078246833,0.2898827843870198,19.282652768628115,248.85892278936518
"(49, 925.0)",62.908553380390856,23.923996659790614,0.2932505646251823,20.04399677054872,251.2127755077449
"(50, 925.0)",62.7476255811664,24.199911370938434,0.2966326142878329,20.820494247762873,253.5646739684825
"(51, 925.0)",62.58739790437594,24.477024248587608,0.3000293505853338,21.612236582364723,255.91491270906906
"(52, 925.0)",62.42778894851335,24.75537125394568,0.30344121431544696,22.419320682004546,258.2638025597839
"(53, 925.0)",62.26871706049065,25.03498990912504,0.3068686654088889,23.241848924282177,260.61166657894006
"(54, 925.0)",62.11010073169262,25.31591896098795,0.3103121788088438,24.079929086237538,262.958836311943
"(55, 925.0)",61.951858960703596,25.598198070954666,0.3137722406687706,24.93367425972047,265.3056483588923
"(56, 925.0)",61.79391158400484,25.88186752958653,0.31724934485390005,25.8032027534128,267.65244123644476
"(57, 925.0)",61.6361795761165,26.166967994687667,0.3207439897309542,26.688637982515193,269.99955251861746
"(58, 925.0)",61.47858532069205,26.453540251667444,0.3242566752308007,27.590108346985787,272.34731624150487
"(59, 925.0)",61.32105285405899,26.741624994934682,0.3277879001688553,28.50774709937346,274.69606055681766
"(60, 925.0)",61.16350808282372,27.031262629041727,0.3313381598075955,29.44169220321876,277.0461056188071
"(61, 925.0)",61.00587897705916,27.3224930883657,0.33490794364627774,30.392086182995534,279.3977616898113
"(62, 925.0)",60.848095740653704,27.615355674097156,0.33849773342281975,31.359075966518287,281.75132744959
"(63, 925.0)",60.69009096037636,27.90988890733683,0.3421080013131159,32.342812720747396,284.1070884938848
"(64, 925.0)",60.53179973510176,28.20613039717424,0.34573920831400307,33.34345168182376,286.4653160086291
"(65, 925.0)",60.37315978667046,28.504116722626172,0.3493918027961041,34.36115198015375,288.82626560624254
"(66, 925.0)",60.214111553743315,28.803883327389865,0.3530662192137622,35.39607646126834,291.19017631146164
"(67, 925.0)",60.05459826994904,29.10546442641066,0.3567628769597804,36.44839150319798,293.5572696845989
"(68, 925.0)",59.89456602764566,29.40889292333634,0.3604821793536149,37.51826683097357,295.9277490711202
"(69, 925.0)",59.733963828175774,29.714200337954097,0.3642245127519206,38.605875328887436,298.3017989666391
"(70, 925.0)",59.572743620035915,30.021416742896673,0.36799024577273126,39.71139285102129,300.67958448875515
"(71, 925.0)",59.41086032589734,30.330570708616545,0.37177972862096476,40.83499803060028,303.0612509437922
"(72, 925.0)",59.248271858945195,30.64168925633109,0.3755932925116498,41.97687208859336,305.4469234846827
"(73, 925.0)",59.08493913002081,30.954797817922973,0.37943124917840304,43.13719864202864,307.83670684799415
"(74, 925.0)",58.92082604589549,31.269920202451026,0.3832938904629246,44.31616351240218,310.2306851658031
"(75, 925.0)",58.75589949951112,31.58707856868212,0.3871814879783176,45.51395453454598,312.62892184539777
"(76, 925.0)",58.59012935280991,31.906293403180957,0.39109429284051017,46.73076136631502,315.03145951115687
"(77, 925.0)",58.42348841271345,32.22758350354232,0.3950325354627304,47.96677529941008,317.43832000361556
"(78, 925.0)",58.25595240076089,32.550965966395275,0.3989964254084641,49.2221890716329,319.8495044311964
"(79, 925.0)",58.08749991687739,32.87645617984321,0.40298615129878756,50.49719668086519,322.26499327051334
"(80, 925.0)",57.9181123976916,33.204067820045076,0.4070018807704625,51.791993201059476,324.68474651161836
"(81, 925.0)",57.7477740697713,33.533812851681695,0.4110437604816541,53.10677460048584,327.1087038450442
"(82, 925.0)",57.57647189813358,33.86570153207111,0.4151119161623667,54.44173756250011,329.5367848876891
"(83, 925.0)",57.40419553032776,34.19974241873647,0.4192064527072225,55.797079309092844,331.968889445088
"(84, 925.0)",57.23093723639239,34.53594238024004,0.4233274543082469,57.172997427434964,334.40489780769343
"(85, 925.0)",57.05669184493889,34.874306610129786,0.4274749846258247,58.56968969972134,336.8446710791666
"(86, 925.0)",56.88145667561205,35.21483864385429,0.43164908699604254,59.98735393646245,339.2880515348769
"(87, 925.0)",56.70523146816081,35.55754037851807,0.4358497846728267,61.42618781345297,341.73486300891176
"(88, 925.0)",56.52801830833366,35.90241209536275,0.44007708110352306,62.886388712863436,344.18491130789545
"(89, 925.0)",56.34982155082424,36.249452484860996,0.4443309602364841,64.3681535683518,346.63798465039594
"(90, 925.0)",56.17064773943852,36.59865867433879,0.4486113868596446,65.87167871466791,349.09385413050336
"(91, 925.0)",55.99050552473736,36.950026258003795,0.452918306968605,67.39715974187716,351.55227420408255
"(92, 925.0)",55.809405579300595,37.30354932931318,0.45725164816337927,68.94479135546636,354.01298319565944
"(93, 925.0)",55.627360510841946,37.65922051557238,0.4616113200724932,70.51476723545045,356.4757038316058
"(94, 925.0)",55.44438477336701,38.01703101467542,0.4659972148033306,72.1072799159643,358.94014377711653
"(95, 925.0)",55.26049457657537,38.37697063389065,0.4704092074175619,73.72252065010927,361.4059962111355
"(96, 925.0)",55.075707793700104,38.739027830599426,0.4748471564304819,75.36067929570301,363.8729404024928
"(97, 925.0)",54.890043868006636,39.10318975487553,0.47931090433295764,77.02194420085593,366.3406423071299
"(98, 925.0)",54.70352371814279,39.469442293808136,0.48380027813469767,78.70650209666869,368.8087551779266
"(99, 925.0)",54.51616964255416,39.83777011745274,0.4883150899275174,80.41453799621584,371.27692018673775
"(100, 925.0)",54.32800522318468,40.20815672629038,0.4928551374670552,82.14623509998346,373.7447670570426
"(101, 925.0)",54.13905522866403,40.58058450007651,0.49742020477156845,83.90177470793935,376.21191470576144
"(102, 925.0)",53.949345517194246,40.95503474795372,0.5020100627361694,85.68133613837703,378.6779718925797
"(103, 925.0)",53.758902939362464,41.331487759687285,0.506624469760864,87.4850966536839,381.1425378751153
"(104, 925.0)",53.56775524107404,41.70992285789455,0.511263172390754,89.31323139316733,383.6052030682801
"(105, 925.0)",53.37593096682953,42.09031845111913,0.5159259059666007,91.16591331305489,386.0655497060508
"(106, 925.0)",53.183459363535015,42.47265208761165,0.5206123952840427,93.04331313376682,388.5231525039727
"(107, 925.0)",52.99037028506819,42.85690050965723,0.525322355259528,94.9455992945781,390.9775793204853
"(108, 925.0)",52.79669409776792,43.24303970831233,0.5300554916012409,96.8729379157117,393.42839181543604
"(109, 925.0)",52.60246158706421,43.631044978382924,0.5348115014830261,98.82549276797064,395.8751461038285
"(110, 925.0)",52.40770386540242,44.02089097350437,0.5395900742195112,100.803425249931,398.3173934031168
"(111, 925.0)",52.21245228164775,44.41255176116065,0.5443908919405229,102.80689437274714,400.7546806722366
"(112, 925.0)",52.01673833212114,44.80600087749667,0.5492136302629511,104.83605675259301,403.1865512406368
"(113, 925.0)",51.8205935734287,45.201211381766036,0.5540579589581472,106.89106661074909,405.61254542553706
"(114, 925.0)",51.624049537195944,45.59815591028058,0.5589235426132144,108.9720757813395,408.03220113588384
"(115, 925.0)",51.42713764686456,45.99680672970151,0.5638100412842312,111.07923372670177,410.44505446121207
"(116, 925.0)",51.22988913663276,46.3971357895489,0.5687171111398895,113.21268756036383,412.8506402440339
"(117, 925.0)",51.03233497265499,46.79911477378604,0.5736444050937923,115.37258207759612,415.2484926341618
"(118, 925.0)",50.83450577657612,47.202715151357076,0.5785915734239299,117.55905979349558,417.6381456236395
"(119, 925.0)",50.636431751473864,47.6079082255544,0.5835582643777997,119.77226098853025,420.01913356093445
"(120, 925.0)",50.43814261026201,48.01466518210401,0.5885441247618162,122.01232376150396,422.39099164317594
"(17, 925.3078045306697)",68.54357000808923,15.911269127204495,0.19503382824401316,3.012807528120806,177.45351589355874
"(18, 925.3078045306697)",68.36536827300795,16.119955000927526,0.19759181431836376,3.320329016375379,179.51291888378154
"(19, 925.3078045306697)",68.18391480435491,16.334807329515417,0.200225386273981,3.6430611950891065,181.62705138939356
"(20, 925.3078045306697)",67.99996426878992,16.555140857559387,0.20292614453036847,3.980874072716949,183.78827120455168
"(21, 925.3078045306697)",67.81417485252807,16.78034699413988,0.2056866292289927,4.333654935473214,185.98978837771992
"(22, 925.3078045306697)",67.62711600202073,17.009888441648574,0.20850025439555783,4.701306320411941,188.2256063184278
"(23, 925.3078045306697)",67.43927709507564,17.24329288816486,0.21136123062374587,5.083744233999457,190.4904520373594
"(24, 925.3078045306697)",67.25107622828723,17.480146449270986,0.21426448468767026,5.480896608725976,192.7797033065175
"(25, 925.3078045306697)",67.06286862497757,17.720087285177584,0.21720558130320555,5.892701973484525,195.0893175939925
"(26, 925.3078045306697)",66.8749543879627,17.96279963825509,0.22018065004250092,6.319108320086727,197.41576557087552
"(27, 925.3078045306697)",66.68758546950191,18.208008413814525,0.22318631890738114,6.76007214451986,199.75597060495085
"(28, 925.3078045306697)",66.50097182606868,18.45547434749081,0.22621965509314018,7.215557644186718,202.10725475173217
"(29, 925.3078045306697)",66.315286784041,18.704989753025586,0.22927811286657238,7.685536053895092,204.4672911896081
"(30, 925.3078045306697)",66.130671676039,18.9563748149821,0.23235948812361765,8.169985105056758,206.8340627124781
"(31, 925.3078045306697)",65.947239824667,19.2094743753039,0.23546187900028526,8.668888593880927,209.20582571453923
"(32, 925.3078045306697)",65.76507995555666,19.46415515658578,0.2385836518366608,9.1822360455329,211.5810790323574
"(33, 925.3078045306697)",65.58425912154942,19.720303363606348,0.24172341177747433,9.710022462077093,213.9585369934007
"(34, 925.3078045306697)",65.4048252136503,19.977822608064848,0.2448799773343572,10.252248142821799,216.33710605795244
"(35, 925.3078045306697)",65.22680912730881,20.236632106000474,0.24805235829080766,10.808918566343893,218.71586449237842
"(36, 925.3078045306697)",65.05022664400693,20.496665103228093,0.25123973640061237,11.380044324006976,221.09404457570787
"(37, 925.3078045306697)",64.87508007889741,20.757867490345966,0.25444144841357563,11.965641095587635,223.47101691758172
"(38, 925.3078045306697)",64.70135973807655,21.02019657449372,0.25765697101784135,12.56572965819717,225.846276516344
"(39, 925.3078045306697)",64.52904521844346,21.283619981389837,0.2608859073827098,13.180335919798136,228.21943027348868
"(40, 925.3078045306697)",64.35810658384726,21.54811466346687,0.26412797500052493,13.809490971425124,230.5901856914422
"(41, 925.3078045306697)",64.18850542279307,21.813666004823048,0.2673829947155441,14.453231149612442,232.95834065946337
"(42, 925.3078045306697)",64.02019584618496,22.080266986273543,0.2706508804894714,15.111598104564758,235.32377391544068
"(43, 925.3078045306697)",63.85312537237923,22.347917436356525,0.27393163022059475,15.784638867826676,237.6864364830991
"(44, 925.3078045306697)",63.687235780122975,22.616623321889712,0.27722531704773223,16.472405919364476,240.04634355839144
"(45, 925.3078045306697)",63.52246388465903,22.886396096459123,0.2805320813642409,17.174957242317106,242.40356706524787
"(46, 925.3078045306697)",63.35874226390129,23.157252092257746,0.2838521233634808,17.8923563670545,244.75822871377673
"(47, 925.3078045306697)",63.19599994988132,23.42921195027927,0.28718569605429406,18.624672411954226,247.11049349665683
"(48, 925.3078045306697)",63.03416305897748,23.702300091604762,0.29053309878030836,19.371980099596733,249.46056367630257
"(49, 925.3078045306697)",62.8731553874413,23.976544222554715,0.293894671154262,20.13435976323509,251.8086731657782
"(50, 925.3078045306697)",62.71289896436509,24.251974873729328,0.2972707874077751,20.911897336669355,254.15508231072246
"(51, 925.3078045306697)",62.55331456518191,24.52862497096589,0.3006618511322786,21.704684328307085,256.5000730490287
"(52, 925.3078045306697)",62.39432218706688,24.806529436751703,0.30406829039334604,22.512817779516794,258.8439444317443
"(53, 925.3078045306697)",62.23584148754681,25.085724820753708,0.3074905532018415,23.33640020762504,261.18700848949203
"(54, 925.3078045306697)",62.07779218771671,25.366248958123514,0.3109291033255731,24.175539534140274,263.52958642873557
"(55, 925.3078045306697)",61.920094441387015,25.648140654330017,0.3143844164261049,25.03034899892728,265.8720051429676
"(56, 925.3078045306697)",61.76266917164054,25.93143939521766,0.3178569765047715,25.90094706116822,268.2145940232186
"(57, 925.3078045306697)",61.60543837628976,26.21618508100975,0.32134727264218277,26.787457288026385,270.5576820524303
"(58, 925.3078045306697)",61.448325403773126,26.50241778296989,0.3248557960154973,27.69000823199076,272.90159516817215
"(59, 925.3078045306697)",61.29125520109006,26.790177521422954,0.32838303717748984,28.608733297873464,275.246653877943
"(60, 925.3078045306697)",61.134154535382564,27.07950406384822,0.3319294835816498,29.543770600458632,277.5931711114767
"(61, 925.3078045306697)",60.97695219075005,27.370436741784946,0.3354956173378992,30.495262813744855,279.9414502948483
"(62, 925.3078045306697)",60.819579141923,27.66301428528711,0.33908191318339403,31.46335701275094,282.29178363103455
"(63, 925.3078045306697)",60.66196870632696,27.957274673731042,0.34268883665379546,32.448204508752504,284.6444505725403
"(64, 925.3078045306697)",60.504056676090876,28.253255001784936,0.3463168424403711,33.44996067881667,286.999716471677
"(65, 925.3078045306697)",60.3457814314267,28.550991359435855,0.3499663729194155,34.468784790433254,289.35783139519276
"(66, 925.3078045306697)",60.18708403681121,28.850518724985346,0.3536378568406558,35.50483982198013,291.71902909017837
"(67, 925.3078045306697)",60.02790832126522,29.151870870020282,0.3573317081623706,36.558292279742766,294.0835260891743
"(68, 925.3078045306697)",59.86820094399431,29.45508027538645,0.36104832502149087,37.629312012099724,296.45152094301164
"(69, 925.3078045306697)",59.70791144663651,29.76017805729392,0.36478808882778907,38.71807202149672,298.8231935706837
"(70, 925.3078045306697)",59.546992292909565,30.06719390272187,0.3685513634721104,39.82474827475445,301.19870471640894
"(71, 925.3078045306697)",59.385398897156925,30.37615601336515,0.3723384946392949,40.94951951219347,303.578195504747
"(72, 925.3078045306697)",59.223089642228835,30.687091057417604,0.3761498092171558,42.09256705606839,305.9617870852883
"(73, 925.3078045306697)",59.06002588783822,31.000024128556923,0.3799856147937266,43.25407461872013,308.3495803592998
"(74, 925.3078045306697)",58.896171970048734,31.31497871155709,0.3838461992357613,44.43422811086094,310.7416557814234
"(75, 925.3078045306697)",58.73149519264387,31.631976653988435,0.38773183034183994,45.63321545034116,313.1380732299249
"(76, 925.3078045306697)",58.56596581097123,31.95103814355471,0.3916427555645776,46.851226371744595,315.5388719400564
"(77, 925.3078045306697)",58.39955700889035,32.27218169061494,0.39557920179638284,48.08845223715228,317.9440704950535
"(78, 925.3078045306697)",58.2322448692826,32.59542411554421,0.3995413752145323,49.34508584834788,320.3536668705756
"(79, 925.3078045306697)",58.064008338651995,32.92078054056654,0.4035294611810627,50.621321260772355,322.76763852812087
"(80, 925.3078045306697)",57.89482918618366,33.24826438579015,0.4075436241941707,51.91735359949274,325.1859425540876
"(81, 925.3078045306697)",57.72469195770712,33.577887369149174,0.41158400788750016,53.23337887745143,327.60851584086515
"(82, 925.3078045306697)",57.553583924832786,33.9096595100578,0.41565073507492956,54.569593816261374,330.03527530748073
"(83, 925.3078045306697)",57.38149502966539,34.243589136527824,0.41974390783782306,55.92619566976434,332.46611815677545
"(84, 925.3078045306697)",57.20841782530425,34.57968289560708,0.42386360765297415,57.30338205062667,334.90092216719603
"(85, 925.3078045306697)",57.034347412462495,34.91794576694532,0.42800989555889063,58.70135076023639,337.3395460167619
"(86, 925.3078045306697)",56.85928137240017,35.25838107936994,0.43218281235897615,60.12029962205161,339.781829637723
"(87, 925.3078045306697)",56.68321969645317,35.600990530318356,0.4363823788597277,61.56042631864689,342.2275945999187
"(88, 925.3078045306697)",56.50616471234614,35.94577420802644,0.44060859614270403,63.021928232892435,344.67664452125354
"(89, 925.3078045306697)",56.3281210075188,36.29273061635519,0.4448614458688416,64.50500229315081,347.12876550408635
"(90, 925.3078045306697)",56.14909534966679,36.64185670215765,0.44914089061391743,66.00984482299371,349.5837265959199
"(91, 925.3078045306697)",55.96909660471246,36.99314788508192,0.45344687423384944,67.53665139553364,352.0412802730843
"(92, 925.3078045306697)",55.78813565238265,37.34659808972741,0.4577793222588635,69.08561669365689,354.50116294523
"(93, 925.3078045306697)",55.606225299625756,37.702199780044126,0.46213814231514566,70.65693436924334,356.9630954862663
"(94, 925.3078045306697)",55.423380192035054,38.05994399589834,0.46652322457303425,72.25079692293062,359.42678376931224
"(95, 925.3078045306697)",55.239616723507304,38.41982039169264,0.4709344422204316,73.86739556907268,361.8919192397904
"(96, 925.3078045306697)",55.05495294433468,38.781817276946676,0.47537165196021225,75.50692012165474,364.3581794897669
"(97, 925.3078045306697)",54.869408467915285,39.145921658743454,0.47983469453051397,77.16955888003703,366.82522885363744
"(98, 925.3078045306697)",54.68300437632946,39.51211928591602,0.4843233952463631,78.85549852181398,369.29271901643807
"(99, 925.3078045306697)",54.4957631249533,39.8803946948803,0.48883756456146943,80.56492400196694,371.76028963452586
"(100, 925.3078045306697)",54.307708446352855,40.25073125698126,0.493376998648584,82.29801845848827,374.22756896696416
"(101, 925.3078045306697)",54.11886525365263,40.62311122723904,0.49794147999700056,84.05496312462799,376.69417451614896
"(102, 925.3078045306697)",53.92925954360201,40.99751579436147,0.5025307780255961,85.83593724793378,379.1597136760199
"(103, 925.3078045306697)",53.738918299555884,41.37392513188814,0.5071446497097285,87.64111801620781,381.62378438617657
"(104, 925.3078045306697)",53.54786939456661,41.75231845033476,0.5117828402204039,89.47068049053146,384.08597579028094
"(105, 925.3078045306697)",53.3561414948225,42.13267405018266,0.5164450835737985,91.32479754546591,386.54586889686385
"(106, 925.3078045306697)",53.16376396361195,42.514969375579916,0.5211311032895057,93.20363981652531,389.00303724093294
"(107, 925.3078045306697)",52.97076676603063,42.899181068596896,0.5258406130555815,95.1073756550442,391.4570475444773
"(108, 925.3078045306697)",52.777180374629346,43.28528502388302,0.5305733173984966,97.0361710904805,393.90746037407655
"(109, 925.3078045306697)",52.58303567617511,43.67325644357923,0.5353289123562383,98.99018980025156,396.3538307938906
"(110, 925.3078045306697)",52.38836387972189,44.06306989232395,0.5401070861525514,100.9695930871347,398.7957090121399
"(111, 925.3078045306697)",52.193196426151914,44.45469935220429,0.5449075198705002,102.97453986427956,401.23264101934535
"(112, 925.3078045306697)",51.99756489935313,44.84811827749656,0.5497298881234636,105.00518664786144,403.66416921655133
"(113, 925.3078045306697)",51.80150093917536,45.243299649049916,0.5545738597217436,107.06168755736553,406.0898330318606
"(114, 925.3078045306697)",51.60503615630724,45.6402160281627,0.5594390983329601,109.14419432353469,408.50916952355414
"(115, 925.3078045306697)",51.40820204920256,46.03883960980622,0.5643252631344444,111.25285630393158,410.92171396819367
"(116, 925.3078045306697)",51.21102992315419,46.43914227506391,0.5692320094560175,113.3878205061246,413.32700043220433
"(117, 925.3078045306697)",51.01355081162459,46.841095642645286,0.5741589894114332,115.54923161842619,415.72456232541504
"(118, 925.3078045306697)",50.81579539991156,47.24467111935207,0.5791058525169638,117.73723204816753,418.1139329351661
"(119, 925.3078045306697)",50.617793951219056,47.6498399493737,0.5840722462956445,119.9519619674378,420.49464593968156
"(120, 925.3078045306697)",50.41957623519044,48.05657326229888,0.5890578168657843,122.19355936621828,422.8662358994898
"(17, 925.6144414533236)",68.4558468299329,16.002684811264672,0.1961543643044164,3.0727841135448486,178.4905282407193
"(18, 925.6144414533236)",68.28093134969251,16.208890797676094,0.19868195293453342,3.3810852909703706,180.5217996013833
"(19, 925.6144414533236)",68.10261794629837,16.421376694715065,0.2012865181402408,3.704620552161035,182.60908750830225
"(20, 925.6144414533236)",67.92165767647974,16.639459631356306,0.2039596895678493,4.043257334179652,184.74477680415845
"(21, 925.6144414533236)",67.7387087492869,16.86253066012049,0.20669400298825505,4.39688063498798,186.92207349273733
"(22, 925.6144414533236)",67.55434325919394,17.09005016140347,0.20948284396509045,4.765390967070312,189.13495464373062
"(23, 925.6144414533236)",67.3690550546582,17.321542150141873,0.21232037806815568,5.148702554973512,191.3781055997409
"(24, 925.6144414533236)",67.18326790341317,17.556588191303646,0.2152014762919913,5.546741766641138,193.64685251130103
"(25, 925.6144414533236)",66.99734342872038,17.79482137418256,0.21812164119525476,5.959445761230679,195.93709532259732
"(26, 925.6144414533236)",66.81158851213596,18.035920613438705,0.2210769370451892,6.38676133356449,198.24524426772987
"(27, 925.6144414533236)",66.62626200918076,18.27960542008368,0.22406392572251735,6.828643935369905,200.56816152211695
"(28, 925.6144414533236)",66.44158072373097,18.525631202752447,0.22707960912633798,7.285056854611326,202.90310871230304
"(29, 925.6144414533236)",66.25772464956384,18.7737851067296,0.2301213781706193,7.755970535656457,205.2477003862104
"(30, 925.6144414533236)",66.07484152472739,19.023882366082866,0.23318696807014608,8.241362024660804,207.5998631797815
"(31, 925.6144414533236)",65.89305076451302,19.275763126214237,0.23627441939264412,8.741214525747774,209.95780021008284
"(32, 925.6144414533236)",65.71244684652905,19.529289686099467,0.23938204425529017,9.255517054754275,212.3199601325609
"(33, 925.6144414533236)",65.53310222337534,19.784344106581322,0.24250839700813706,9.78426417818624,214.68501026624142
"(34, 925.6144414533236)",65.35506983360288,20.04082613337501,0.24565224877517605,10.327455825744206,217.05181321604329
"(35, 925.6144414533236)",65.17838527606276,20.29865138688319,0.24881256526605328,10.885097165560573,219.41940645974597
"(36, 925.6144414533236)",65.0030687048238,20.557749776227414,0.2519884873347361,11.45719853178995,221.7869844252197
"(37, 925.6144414533236)",64.82912649350394,20.818064100479827,0.2551793138363689,12.043775394983324,224.15388265210964
"(38, 925.6144414533236)",64.65655271110822,21.079548805367224,0.25838448638506606,12.644848366379822,226.519563679137
"(39, 925.6144414533236)",64.48533044132061,21.342168869718577,0.26160357570563764,13.260443227255982,228.88360438171006
"(40, 925.6144414533236)",64.31543297824423,21.60589879800704,0.264836269284346,13.890590977400187,231.24568449281176
"(41, 925.6144414533236)",64.14682490319075,21.870721710151145,0.26808236021205767,14.53532789412153,233.60557621705092
"(42, 925.6144414533236)",63.97946310102881,22.136628491909253,0.2713417367701267,15.194695597304147,235.96313452615144
"(43, 925.6144414533236)",63.813297662591374,22.403617032171937,0.27461437308144016,15.868741114170732,238.3182884406611
"(44, 925.6144414533236)",63.64827275411788,22.671691500571917,0.27790032025563804,16.55751694373699,240.67103276938514
"(45, 925.6144414533236)",63.484327408633504,22.940861683957422,0.28119969825592245,17.261081109056377,243.02142052894237
"(46, 925.6144414533236)",63.3213962662464,23.21114236713841,0.28451268830843107,17.97949719894146,245.3695558760505
"(47, 925.6144414533236)",63.15941027867018,23.482552752871513,0.2878395257927019,18.71283440665207,247.71558748814923
"(48, 925.6144414533236)",62.998297351358794,23.75511592379845,0.29118049364631216,19.461167544028935,250.0597024445053
"(49, 925.6144414533236)",62.8379829499315,24.02885833907179,0.29453591619474445,20.22457704611818,252.40212051042317
"(50, 925.6144414533236)",62.6783906630952,24.303809365616896,0.2979061534057382,21.003148959275773,254.74308883088472
"(51, 925.6144414533236)",62.51944272520338,24.58000084201313,0.30129159554358914,21.796974913617124,257.0828770100428
"(52, 925.6144414533236)",62.36106049985804,24.857466673503986,0.3046926582048984,22.606152079854088,259.42177255940135
"(53, 925.6144414533236)",62.20316492601833,25.136242456686727,0.30810977771820686,23.43078311089192,261.76007669805387
"(54, 925.6144414533236)",62.04567692797883,25.416365132550666,0.31154340689100907,24.270976068765634,264.0981004891213
"(55, 925.6144414533236)",61.8885177906838,25.69787266651488,0.31499401108792374,25.126844337612802,266.43616129667777
"(56, 925.6144414533236)",61.73160950187695,25.980803754149733,0.31846206462341103,25.99850652353751,268.77457954693335
"(57, 925.6144414533236)",61.5748750626378,26.265197551243247,0.32194804745309935,26.88608634227045,271.1136757780182
"(58, 925.6144414533236)",61.418238767899844,26.551093426889917,0.3254524421472472,27.78971249559324,273.4537679621511
"(59, 925.6144414533236)",61.26162645858229,26.83853073827249,0.32897573113010237,28.709518537490627,275.7951690841979
"(60, 925.6144414533236)",61.10496574700826,27.127548625803012,0.33251839416882034,29.64564273103536,278.1381849604934
"(61, 925.6144414533236)",60.94818621720211,27.41818582735168,0.33608090609637425,30.59822789694452,280.4831122825778
"(62, 925.6144414533236)",60.79121960176224,27.71048051025367,0.33966373475234,31.567421254743298,282.83023686999377
"(63, 925.6144414533236)",60.633999936828886,28.004470119894652,0.34326733912694224,32.55337425745933,285.17983211769393
"(64, 925.6144414533236)",60.47646369675959,28.300191243647838,0.34689216769323006,33.55624242062476,287.53215762327704
"(65, 925.6144414533236)",60.318549909959756,28.59767948903851,0.3505386569136871,34.576185146471396,289.8874579804893
"(66, 925.6144414533236)",60.16020025729698,28.89696937504535,0.3542072299078315,35.613365543985246,292.24596172588116
"(67, 925.6144414533236)",60.00135915444789,29.198094235507483,0.35789829526822764,36.667950245560384,294.6078804262368
"(68, 925.6144414533236)",59.84197381943154,29.501086133670743,0.36161224601302816,37.74010922087288,296.973407895158
"(69, 925.6144414533236)",59.681994326597106,29.805975786983506,0.3653494586641506,38.83001558857602,299.3427195281158
"(70, 925.6144414533236)",59.521373647882406,30.11279250128881,0.369110292440627,39.93784542635187,301.715971745752
"(71, 925.6144414533236)",59.360067682846065,30.421564113662335,0.37289508855794756,41.063777579835765,304.09330153641656
"(72, 925.6144414533236)",59.19803527791284,30.732316943172854,0.3767041696244903,42.2079934708588,306.47482608925185
"(73, 925.6144414533236)",59.035238235996495,31.04507574892296,0.3805378391272063,43.37067690545408,308.86064251012965
"(74, 925.6144414533236)",58.87164131716515,31.359863694787585,0.3843963809993987,44.55201388200049,311.2508276134369
"(75, 925.6144414533236)",58.707212231085514,31.676702320313577,0.3882800592640226,45.75219239988333,313.6454377832483
"(76, 925.6144414533236)",58.541921621877194,31.995611517310614,0.39218911774674325,46.971402269008806,316.04450889821476
"(77, 925.6144414533236)",58.37574304598629,32.31660951168818,0.39612377985330527,48.20983492049833,318.4480563147982
"(78, 925.6144414533236)",58.208652943558484,32.63971285018059,0.40008424840680723,49.467683218838665,320.856074904501
"(79, 925.6144414533236)",58.040630603833215,32.96493639159549,0.40407070554043484,50.7451412758165,323.26853914064344
"(80, 925.6144414533236)",57.871658124957364,33.29229330229891,0.4080833126421167,52.04240426646273,325.68540323119214
"(81, 925.6144414533236)",57.70172036861574,33.621795055664855,0.41212221034778246,53.359668247304555,328.1066012942672
"(82, 925.6144414533236)",57.53080490982375,33.95345143525617,0.4161875185803381,54.6971299771663,330.5320475734181
"(83, 925.6144414533236)",57.35890198221677,34.28727054152058,0.4202793366317621,56.05498674076769,332.96163669001413
"(84, 925.6144414533236)",57.186004419113544,34.623258801825955,0.4243977432860981,57.43343617534443,335.39524393046827
"(85, 925.6144414533236)",57.012107590633704,34.961420983665505,0.42854279698132797,58.83267610060131,337.83272556611564
"(86, 925.6144414533236)",56.837209337111716,35.301760210891835,0.43271453600835935,60.252904352125334,340.2739192039862
"(87, 925.6144414533236)",56.66130989906331,35.64427798283865,0.4369129787454115,61.69431861849556,342.71864416664636
"(88, 925.6144414533236)",56.48441184390701,35.988974196221065,0.4411381239264609,63.157116282554256,345.1667018994039
"(89, 925.6144414533236)",56.30651998967041,36.335847169697495,0.4453899509423094,64.64149426669401,347.6178764036949
"(90, 925.6144414533236)",56.12764132589034,36.68489367098918,0.44966842017300707,66.14764888267312,350.07193469496326
"(91, 925.6144414533236)",55.94778493190287,37.03610894646311,0.45397347335046556,67.67577568606113,352.5286272838553
"(92, 925.6144414533236)",55.766961892740106,37.38948675307505,0.45830503394999966,69.22606933659924,354.98768867827624
"(93, 925.6144414533236)",55.58518521282508,37.74501939258264,0.4626630076097052,70.79872345752594,357.4488379122461
"(94, 925.6144414533236)",55.402469727670955,38.102697747930705,0.4670472825764529,72.39393051551633,359.9117790787797
"(95, 925.6144414533236)",55.21883201378862,38.46251132171151,0.4714577301773079,74.01188168574865,362.37620190117195
"(96, 925.6144414533236)",55.03429029701133,38.82444827659687,0.4758942053151435,75.65276673799549,364.84178230565436
"(97, 925.6144414533236)",54.84886435943794,39.18849547764184,0.4803565469871804,77.31677392251203,367.3081830154741
"(98, 925.6144414533236)",54.66257544520691,39.55463853634963,0.4848445788251101,79.00408986307073,369.7750541578055
"(99, 925.6144414533236)",54.47544616531996,39.922861856380756,0.48935810965538173,80.71489945627897,372.2420338830415
"(100, 925.6144414533236)",54.28750040171837,40.293148680792555,0.49389693407824903,82.44938577738901,374.70874899495846
"(101, 925.6144414533236)",54.098763210835,40.665481140681344,0.49846083306399636,84.20772999272178,377.17481559016755
"(102, 925.6144414533236)",53.909260726834916,41.03984030509796,0.5030495745647964,85.99011127889229,379.6398397052338
"(103, 925.6144414533236)",53.71902006475651,41.41620623210424,0.5076629141405279,87.79670674896995,382.10341796978133
"(104, 925.6144414533236)",53.528069223769926,41.794558020828866,0.5123005955968605,89.62769138568171,384.56513826391136
"(105, 925.6144414533236)",53.33643699076633,42.174873864377645,0.5169623516338023,91.48323798182865,387.0245803780899
"(106, 925.6144414533236)",53.14415284447369,42.5571311034563,0.5216479045029974,93.36351708795257,389.481316673886
"(107, 925.6144414533236)",52.95124686031277,42.94130628055035,0.526356966671827,95.2686969674059,391.9349127436029
"(108, 925.6144414533236)",52.75774961618506,43.32737519451102,0.5310892414925075,97.19894355886213,394.38492806709445
"(109, 925.6144414533236)",52.563692099377825,43.71531295539545,0.5358444238743024,99.15442044636134,396.8309166639291
"(110, 925.6144414533236)",52.36910561477342,44.10509403940344,0.5406222009569116,101.13528883691117,399.27242773908705
"(111, 925.6144414533236)",52.174021694525315,44.49669234376089,0.5454222527832077,103.14170754571221,401.70900632043003
"(112, 925.6144414533236)",51.97847200937488,44.89008124139049,0.5502442529693654,105.17383298900714,404.1401938861333
"(113, 925.6144414533236)",51.78248828173704,45.28523363522932,0.5550878693706737,107.23181918458381,406.5655289804678
"(114, 925.6144414533236)",51.58610220071598,45.682122012034284,0.559952764741055,109.31581775991,408.98454781612594
"(115, 925.6144414533236)",51.38934533915753,46.08071849554031,0.5648385973846525,111.42597796790844,411.39678486156544
"(116, 925.6144414533236)",51.1922490728593,46.48099489882768,0.5697450217977388,113.56244671032921,413.80177341179643
"(117, 925.6144414533236)",50.99484450202692,46.8829227757686,0.5746716892993116,115.7253685686886,416.19904614113153
"(118, 925.6144414533236)",50.797162375075715,47.2864734714191,0.5796182486487907,117.91488584273058,418.58813563647345
"(119, 925.6144414533236)",50.5992330148236,47.69161817124614,0.5845843466494167,120.13113859635021,420.9685749099057
"(120, 925.6144414533236)",50.40108624715705,48.09832794906411,0.5895696287358406,122.37426471091138,423.3398978892571
"(17, 925.9187475890828)",68.36983279335914,16.09274119096164,0.19725823856797636,3.1326432507189192,179.51245795577026
"(18, 925.9187475890828)",68.19807525733341,16.29655805310729,0.19975654229014625,3.4417091113315825,181.5166183486863
"(19, 925.9187475890828)",68.02278587206548,16.506759289957635,0.2023331030658326,3.766032677410177,183.57798070911838
"(20, 925.9187475890828)",67.84471110090034,16.72266517524902,0.20497958908854724,4.105478844507252,185.68896556568524
"(21, 925.9187475890828)",67.66450815346343,16.943667184384907,0.20768854131271003,4.459930339729512,187.84278372113843
"(22, 925.9187475890828)",67.4827507670522,17.16922413457579,0.21045332614106466,4.829285659620306,190.03339450687108
"(23, 925.9187475890828)",67.29993630690481,17.398857082050863,0.21326807287678748,5.213457247548912,192.2554496912634
"(24, 925.9187475890828)",67.11649332795555,17.632143698881315,0.21612760479688897,5.6123699032293,194.5042312497344
"(25, 925.9187475890828)",66.9327890478844,17.868712599407555,0.21902736960786798,6.0259594087030255,196.77558834634522
"(26, 925.9187475890828)",66.74913640137571,18.108237904680777,0.22196337281888245,6.4541713520371715,199.06587681907115
"(27, 925.9187475890828)",66.56580049893172,18.350434206364923,0.22493211601129112,6.896960129417222,201.37190302031976
"(28, 925.9187475890828)",66.38300441599432,18.595052006145828,0.2279305409368263,7.354288107195351,203.690872894333
"(29, 925.9187475890828)",66.20093430422408,18.84187365101031,0.23095597969388137,7.826124926734226,206.02034653963406
"(30, 925.9187475890828)",66.0197438573924,19.09070974997549,0.23400611080526668,8.31244693629006,208.35819810871462
"(31, 925.9187475890828)",65.83955818713993,19.34139603766757,0.23707892077322198,8.813236735412964,210.70258066670016
"(32, 925.9187475890828)",65.66047717400794,19.593790640220217,0.2401726705659261,9.328482818463185,213.05189551706448
"(33, 925.9187475890828)",65.48257836292356,19.847771694660178,0.24328586643690583,9.858179304642047,215.40476545274268
"(34, 925.9187475890828)",65.30591946913566,20.103235274004287,0.24641723449171432,10.40232574280425,217.76001140212924
"(35, 925.9187475890828)",65.13054055607667,20.360093572903402,0.24956569844830176,10.960926979906292,220.11663196853996
"(36, 925.9187475890828)",64.95646593951811,20.618273313295706,0.2527303600941579,11.533993082678705,222.4737854134419
"(37, 925.9187475890828)",64.78370586540288,20.877714334402967,0.255910482003076,12.121539302837274,224.83077368836933
"(38, 925.9187475890828)",64.61225800009946,21.138368336969634,0.25910547214253554,12.723586076309749,227.18702818338477
"(39, 925.9187475890828)",64.4421087683295,21.40019775556386,0.2623148700508374,13.340159049212136,229.54209690225224
"(40, 925.9187475890828)",64.2732345643104,21.663174737790822,0.26553833432472673,13.971289121739062,231.89563283310306
"(41, 925.9187475890828)",64.10560284653032,21.927280220158615,0.26877563129171433,14.617012504133521,234.24738340395572
"(42, 925.9187475890828)",63.93917317071801,22.19250306517752,0.27202662443300774,15.277370778501773,236.59718062739452
"(43, 925.9187475890828)",63.77389810807095,22.458839286061284,0.2752912648802117,15.95241096067091,238.94493223942922
"(44, 925.9187475890828)",63.60972412988874,22.726291312345452,0.278569582413581,16.642185561962176,241.29061330283452
"(45, 925.9187475890828)",63.44659241305468,22.994867315197205,0.2818616771919317,17.346752638917636,243.63425849999413
"(46, 925.9187475890828)",63.284439593426605,23.264580577804455,0.28516771203516084,18.06617583266199,245.97595494777835
"(47, 925.9187475890828)",63.12319848259299,23.535448905771535,0.28848790519706746,18.800524405478075,248.31583546918867
"(48, 925.9187475890828)",62.962798721099006,23.807494080283583,0.29182252366252137,19.549873252875578,250.65407237501168
"(49, 925.9187475890828)",62.80316739515293,24.080741346660908,0.2951718768783331,20.31430290631885,252.99087165638628
"(50, 925.9187475890828)",62.64422960889131,24.35521893827356,0.29853631091759036,21.093899519582493,255.32646759509785
"(51, 925.9187475890828)",62.48590901547969,24.630957633718303,0.3019162030517533,21.888754839563525,257.6611177669671
"(52, 925.9187475890828)",62.32812830848797,24.90799034573157,0.30531195671168054,22.698966161581648,259.99509842086985
"(53, 925.9187475890828)",62.170809675081685,25.186351740333656,0.30872399681926577,23.52463626958356,262.328700216007
"(54, 925.9187475890828)",62.013875212443054,25.46607788482771,0.3121527654727558,24.365873361759014,264.66222430124367
"(55, 925.9187475890828)",61.857247308929644,25.747205923274475,0.3155987179688553,25.222790962325934,266.99597872011674
"(56, 925.9187475890828)",61.700848991561,26.02977377805339,0.31906231914457717,26.095507820277735,269.3302751249374
"(57, 925.9187475890828)",61.544604241377314,26.313819876173024,0.3225440400224763,26.9841477960383,271.66542578389596
"(58, 925.9187475890828)",61.38843827839268,26.59938289892232,0.32604435474196664,27.888839736952296,274.00174086422004
"(59, 925.9187475890828)",61.23227781773445,26.886501553544466,0.3295637377606014,28.809717342594183,276.33952597547875
"(60, 925.9187475890828)",61.0760512987164,27.175214365550683,0.33310266130834054,29.746919020882327,278.6790799563268
"(61, 925.9187475890828)",60.919689088502885,27.465559490358398,0.33666159307867954,30.70058773594024,281.02069288881614
"(62, 925.9187475890828)",60.76312366201416,27.757574542959333,0.3402409941408032,31.670870848631548,283.36464432468546
"(63, 925.9187475890828)",60.606289759710116,28.051296444349713,0.34384131705717824,32.657919950672444,285.7112017082908
"(64, 925.9187475890828)",60.449124524821656,28.34676128350962,0.3474630041917591,33.661890693138915,288.0606189816349
"(65, 925.9187475890828)",60.29156762152919,28.644004193775785,0.3511064861946121,34.68294261019786,290.41313535752096
"(66, 925.9187475890828)",60.13356133554449,28.943059242494474,0.3547721806493444,35.72123893874527,292.76897424754355
"(67, 925.9187475890828)",59.97505065843453,29.243959332926977,0.35846049087066617,36.776946434710794,295.1283423324243
"(68, 925.9187475890828)",59.815983356986806,29.54673611740935,0.3621718048399609,37.85023518660209,297.4914287628922
"(69, 925.9187475890828)",59.65631002887808,29.851419920879575,0.3659064942679179,38.941278426912625,299.8584044803498
"(70, 925.9187475890828)",59.49598414548954,30.158039673894837,0.3696649137734714,40.050252341942105,302.22942164681683
"(71, 925.9187475890828)",59.33496208336937,30.466622854397144,0.37344740016999495,41.17733588048477,304.604613175316
"(72, 925.9187475890828)",59.173203144810955,30.77719543747481,0.3772542718494961,42.32271056190134,306.98409235161546
"(73, 925.9187475890828)",59.010669568690915,31.08978185249194,0.3810858282571258,43.486560283964856,309.3679525398214
"(74, 925.9187475890828)",58.8473265322784,31.404404946976307,0.384942349448534,44.66907113086565,311.75626696452
"(75, 925.9187475890828)",58.68314214471957,31.721085956741433,0.3888240957236343,45.870431181762925,314.14908856312223
"(76, 925.9187475890828)",58.51808743288185,32.03984448174661,0.39273130733071543,47.09083032022046,316.54644990245873
"(77, 925.9187475890828)",58.35213632010526,32.360698467278006,0.39666420423574816,48.33046004481402,318.9483631545701
"(78, 925.9187475890828)",58.1852655984384,32.68366419004181,0.40062298595194257,49.58951328125081,321.3548201267706
"(79, 925.9187475890828)",58.017454894791065,33.00875624885003,0.40460783142556317,50.86818419625434,323.7657923420379
"(80, 925.9187475890828)",57.848686631469796,33.33598755957531,0.4086188989740934,52.16666801349864,326.18123116582393
"(81, 925.9187475890828)",57.67894598148403,33.665369354107455,0.41265632627344245,53.48516083185952,328.60106797595824
"(82, 925.9187475890828)",57.508220818953376,33.99691118308419,0.41672023039142425,54.82385944621876,331.02521437284287
"(83, 925.9187475890828)",57.33650166497234,34.33062092216923,0.4208107078647009,56.18296117108874,333.4535624270705
"(84, 925.9187475890828)",57.16378162921162,34.66650478169875,0.42492783481703217,57.562663667279566,335.88598496224756
"(85, 925.9187475890828)",56.990056347523854,35.00456731953329,0.4290716671168096,58.96316477188307,338.32233587087313
"(86, 925.9187475890828)",56.81532391583561,35.3448114569536,0.43324224057189703,60.38466233176049,340.76245046125854
"(87, 925.9187475890828)",56.63958482052168,35.68723849748774,0.437439571160407,61.82735404072235,343.20614583402715
"(88, 925.9187475890828)",56.4628418655422,36.03184814852204,0.4416636552956031,63.291437280869914,345.65322128605135
"(89, 925.9187475890828)",56.285100096506895,36.37863854561002,0.4459144701238619,64.77710896798146,348.10345874095424
"(90, 925.9187475890828)",56.10636672192967,36.727606279348535,0.4501919738541142,66.28456540142882,350.5566232042297
"(91, 925.9187475890828)",55.92665103183744,37.078746424742064,0.45449610611777785,67.81400211873189,353.0124632419558
"(92, 925.9187475890828)",55.745964313965445,37.43205257294353,0.45882678835783003,69.3656137560384,355.4707114805648
"(93, 925.9187475890828)",55.5643197677312,37.787516865281596,0.46318392424589167,70.93959390756072,357.9310851335919
"(94, 925.9187475890828)",55.381732416202354,38.14513002947066,0.4675674001260778,72.53613500568939,360.3932865325321
"(95, 925.9187475890828)",55.19821901624091,38.504881417917076,0.4719770854845404,74.15542818616126,362.8570036964299
"(96, 925.9187475890828)",55.01379796707065,38.8667590479995,0.4764128334432112,75.79766317432473,365.32191090277973
"(97, 925.9187475890828)",54.82848921742448,39.230749644244035,0.48087448127676036,77.46302817117794,367.7876692801499
"(98, 925.9187475890828)",54.642314171535425,39.59683868225889,0.485361850951132,79.151709746571,370.2539274136202
"(99, 925.9187475890828)",54.45529559414734,39.96501043433115,0.48987474968245925,80.86389273869051,372.7203219628076
"(100, 925.9187475890828)",54.26745751478252,40.33524801655617,0.4944129705147428,82.59976016004713,375.18647829076167
"(101, 925.9187475890828)",54.07882513146488,40.70753343738173,0.49897629291489476,84.3594931100813,377.6520111023214
"(102, 925.9187475890828)",53.889424714132375,41.081847647428475,0.5035644833834194,86.14327069457282,380.11652509014635
"(103, 925.9187475890828)",53.699283507942155,41.45817059045737,0.5081772960791392,87.9512699519921,382.579615586811
"(104, 925.9187475890828)",53.5084296366849,41.83648125534222,0.5128144734562639,89.78366578690189,385.0408692212769
"(105, 925.9187475890828)",53.31689200652094,42.21675772890289,0.5174757469119989,91.64063091056228,387.499864577921
"(106, 925.9187475890828)",53.124700210252655,42.59897724944796,0.5221608374428369,93.52233578880345,389.9561728563348
"(107, 925.9187475890828)",52.93188443232049,42.98311626088286,0.526869456307811,95.42894859729604,392.4093585301733
"(108, 925.9187475890828)",52.73847535472815,43.369150467226746,0.5316013056967229,97.3606351842648,394.8589800031661
"(109, 925.9187475890828)",52.54450406409608,43.75705488737846,0.5363560794014551,99.31755904073846,397.30459026044747
"(110, 925.9187475890828)",52.350001959995446,44.1468039099907,0.5411334634885917,101.29988127835713,399.74573751354234
"(111, 925.9187475890828)",52.155000664772466,44.538371348279476,0.5459331369712423,103.30776061479811,402.1819658369938
"(112, 925.9187475890828)",51.9595319349838,44.93173049463478,0.5507547724784488,105.3413533668352,404.6128157951204
"(113, 925.9187475890828)",51.76362757462734,45.326854174864856,0.5555980369200882,107.4008134510361,407.03782505696506
"(114, 925.9187475890828)",51.56731935028296,45.723714801937675,0.5604625921456045,109.48629239210742,409.4565289978816
"(115, 925.9187475890828)",51.37063890829539,46.122284429070895,0.5653480955947706,111.59793933885831,411.86846128612484
"(116, 925.9187475890828)",51.173617694115,46.52253480203073,0.5702542009387491,113.73590108777552,414.27315445284427
"(117, 925.9187475890828)",50.9762868738836,46.92443741050875,0.57518055870984,115.90032211414913,416.6701404440548
"(118, 925.9187475890828)",50.778677258359714,47.3279635384461,0.5801268169183423,118.09134461072426,419.05895115314837
"(119, 925.9187475890828)",50.580819229245456,47.733084313186325,0.5850926216550404,120.30910853380844,421.4391189326397
"(120, 925.9187475890828)",50.382742667972224,48.13977075334308,0.5900776176779591,122.5537516567665,423.81017708395905
"(17, 926.2195686005418)",68.28579498605936,16.1811344041001,0.19834172641620215,3.1921458317481806,180.51584244495328
"(18, 926.2195686005418)",68.11706276413196,16.382656742781926,0.200811904808358,3.501958984195336,182.49395685725509
"(19, 926.2195686005418)",67.94467642441377,16.590659320330847,0.20336151531771912,3.8270535623936124,184.53036142513668
"(20, 926.2195686005418)",67.7693770317539,16.804466186509423,0.20598227242278,4.167291962286123,186.61751954050047
"(21, 926.2195686005418)",67.59181991914944,17.023469914712877,0.20866673053669665,4.522554668977437,188.74865447000724
"(22, 926.2195686005418)",67.41257957890852,17.247128434446882,0.21140824518108955,4.892738181648228,190.91771546857814
"(23, 926.2195686005418)",67.23215603208341,17.474960492663335,0.21420091735295962,5.277753173207828,193.11932809129073
"(24, 926.2195686005418)",67.05098180922981,17.70654047647979,0.2170395300636944,5.6775228798807005,195.34873702497865
"(25, 926.2195686005418)",66.86942897200186,17.941493084121234,0.21991948301766,6.091981706911582,197.60174698055965
"(26, 926.2195686005418)",66.68781582378065,18.17948815009028,0.22283672918124545,6.521074032705111,199.87466513790383
"(27, 926.2195686005418)",66.50641311181494,18.42023580260651,0.225787715424744,6.9647531926995105,202.1642471833088
"(28, 926.2195686005418)",66.32544962843423,18.66348204371153,0.22876932834508573,7.422980624865761,204.46764798395526
"(29, 926.2195686005418)",66.1451171879236,18.909004784345964,0.23177884566542387,7.895725159732399,206.78237728322807
"(30, 926.2195686005418)",65.96557499897057,19.156610329718273,0.2348138931542411,8.38296243919213,209.10626037954276
"(31, 926.2195686005418)",65.78695347803941,19.406130288020844,0.23787240673363994,8.884674449413106,211.4374034973915
"(32, 926.2195686005418)",65.60935756123042,19.657418863991477,0.24095259930493862,9.400849154329753,213.7741634270697
"(33, 926.2195686005418)",65.43286957774501,19.91035049312324,0.24405293174977272,9.931480216919288,216.11512094405268
"(34, 926.2195686005418)",65.25755174632964,20.16481777227175,0.2471720875643342,10.476566796361684,218.4590575175713
"(35, 926.2195686005418)",65.0834483525529,20.420729644229034,0.2503089506066148,11.036113409809728,220.80493483790337
"(36, 926.2195686005418)",64.91058765864067,20.678009797726116,0.25346258548429984,11.610129848167094,223.15187673547908
"(37, 926.2195686005418)",64.7389835912258,20.936595248720515,0.25663222016475357,12.198631136081874,225.4991531139154
"(38, 926.2195686005418)",64.5686372441998,21.19643507401978,0.2598172304523195,12.80163752651575,227.8461655780192
"(39, 926.2195686005418)",64.39953823086636,21.4574892718615,0.2630171260217548,13.419174522560098,230.19243447586396
"(40, 926.2195686005418)",64.23166591009509,21.719727728909305,0.2662315377561044,14.051272917514957,232.53758713080293
"(41, 926.2195686005418)",64.06499049620847,21.98312928389905,0.26946020626924017,14.697968847440228,234.8813471582684
"(42, 926.2195686005418)",63.899474107073885,22.24768085263117,0.2727029711804041,15.35930384977467,237.2235244730252
"(43, 926.2195686005418)",63.735071696651886,22.513376641182337,0.2759597614700512,16.035324922287064,239.5640062976122
"(44, 926.2195686005418)",63.57173195352988,22.780217400479973,0.27923058634274256,16.726084582168106,241.90274864028328
"(45, 926.2195686005418)",63.40939811933498,23.04820974129751,0.2825155268306405,17.43164091320653,244.23976847082415
"(46, 926.2195686005418)",63.24800875426557,23.317365494992487,0.28581472795767693,18.15205760279619,246.5751364258446
"(47, 926.2195686005418)",63.087498465169276,23.58770111496499,0.2891283914028969,18.887403976383514,248.90896997897627
"(48, 926.2195686005418)",62.927798569135376,23.859237121584787,0.29245676869660947,19.637755007461145,251.24142712902093
"(49, 926.2195686005418)",62.76883771977178,24.131997583180084,0.2958001548585319,20.403191318405515,253.57270050663737
"(50, 926.2195686005418)",62.61054248826075,24.40600963301128,0.29915888247707384,21.183799165063057,255.90301190587246
"(51, 926.2195686005418)",62.452837902452714,24.68130302013412,0.30253331620398694,21.97967040591532,258.2326072158328
"(52, 926.2195686005418)",62.295647945602056,24.95790969251978,0.3059238476444366,22.790902455863673,260.5617517339843
"(53, 926.2195686005418)",62.13889601620889,25.235863410958697,0.3093308906243757,23.61759822500101,262.8907258439296
"(54, 926.2195686005418)",61.98250535053625,25.515199392270933,0.312754876817187,24.459866042943442,265.2198210403871
"(55, 926.2195686005418)",61.826399409307896,25.795953980435584,0.31619625171249166,25.31781956938965,267.5493362848627
"(56, 926.2195686005418)",61.67050223024499,26.078164344196406,0.3196554709095507,26.191577691773375,269.8795746748737
"(57, 926.2195686005418)",61.51473874803651,26.361868199771592,0.3231329967183403,27.08126441089872,272.21084041016275
"(58, 926.2195686005418)",61.35903508345975,26.647103557248784,0.32662929505095817,27.987008715500046,274.54343603889754
"(59, 926.2195686005418)",61.20331880337666,26.933908489265225,0.33014483258622723,28.90894444670946,276.87765996700404
"(60, 926.2195686005418)",61.04751915327843,27.222320920622835,0.3336800741908483,29.84721015338855,279.2138042142557
"(61, 926.2195686005418)",60.89156726414521,27.512378437452412,0.33723548058024283,30.80194893930513,281.55215240052377
"(62, 926.2195686005418)",60.73539633527984,27.804118114622774,0.3408115062029847,31.773308303023395,283.892977946406
"(63, 926.2195686005418)",60.57894179476148,28.097576360113738,0.34440859733319584,32.761439971448,286.2365424728224
"(64, 926.2195686005418)",60.422141439138386,28.39278877510693,0.34802719035559754,33.76649972783492,288.58309438458525
"(65, 926.2195686005418)",60.26493555384625,28.689790028640104,0.3516677102290722,34.788647235034205,290.9328676240774
"(66, 926.2195686005418)",60.10726701586732,28.988613745675202,0.3553305691146586,35.82804585474692,293.2860805812172
"(67, 926.2195686005418)",59.94908137997023,29.289292407547208,0.35901616515525875,36.88486246344903,295.6429351472756
"(68, 926.2195686005418)",59.79032694981215,29.59185726379887,0.3627248813949953,37.95926726561572,298.00361590073953
"(69, 926.2195686005418)",59.630954835245525,29.896338254474063,0.3664570848266747,39.051433604850935,300.3682894139239
"(70, 926.2195686005418)",59.47091899661037,30.2027639420106,0.3702131255569748,40.16153777344811,302.7371036701913
"(71, 926.2195686005418)",59.3101762775968,30.511161451958586,0.37399333607979535,41.289758820875086,305.1101875824304
"(72, 926.2195686005418)",59.14868642708187,30.82155642178931,0.3777980306487687,42.43627836164714,307.4876506039897
"(73, 926.2195686005418)",58.98641211116882,31.1339729571285,0.38162750474079876,43.60128038302162,309.86958242410225
"(74, 926.2195686005418)",58.82331891607597,31.448433594832974,0.38548203460345426,44.78495105285422,312.25605274081636
"(75, 926.2195686005418)",58.65937534264268,31.764959272351312,0.38936187687941487,45.987478528065665,314.6471111046833
"(76, 926.2195686005418)",58.494552793113066,32.08356930288441,0.3932672683019988,47.20905276395664,317.04278682743427
"(77, 926.2195686005418)",58.32882555076089,32.40428135591755,0.39719842545652945,48.44986532476818,319.443088950393
"(78, 926.2195686005418)",58.16217075293073,32.72711144271634,0.401155544602548,49.71010919573481,321.8480062677526
"(79, 926.2195686005418)",57.994568357946264,33.052073906454794,0.40513880155281506,50.989978596936666,324.25750740065223
"(80, 926.2195686005418)",57.82600110633775,33.37918141665943,0.40914835160520524,52.289668799221644,326.6715409181744
"(81, 926.2195686005418)",57.65645447679919,33.70844496768836,0.4131843295240612,53.60937594243983,329.09003550184025
"(82, 926.2195686005418)",57.48591663719436,34.03987388102372,0.4172468495683011,54.94929685626774,331.5129001508193
"(83, 926.2195686005418)",57.31437839098101,34.373475811142086,0.42133600556336465,56.30962888385197,333.94002442492314
"(84, 926.2195686005418)",57.14183311933016,34.709256754785194,0.4254518710148606,57.69056970850523,336.37127872317234
"(85, 926.2195686005418)",56.96827671921148,35.04722106346549,0.42959449926184756,59.09231718374649,338.8065145957277
"(86, 926.2195686005418)",56.793707537735315,35.387371459039535,0.4337639236677287,60.51506916684207,341.24556508716
"(87, 926.2195686005418)",56.618126302942315,35.72970905223926,0.43796015784740355,61.95902335604916,343.68824510959814
"(88, 926.2195686005418)",56.44153605132535,36.074233364010624,0.44218319592882405,63.42437713205058,346.1343518435537
"(89, 926.2195686005418)",56.263942052257775,36.42094234956839,0.44643301284784653,64.91132740341759,348.583665165555
"(90, 926.2195686005418)",56.085351729578775,36.769832425041976,0.4507095646748537,66.42007045662307,351.03594810065795
"(91, 926.2195686005418)",55.90577458051718,37.12089849662462,0.4550127889720398,67.95080181071926,353.4909472986928
"(92, 926.2195686005418)",55.72522209218092,37.47413399211512,0.459342605180066,69.50371607792445,355.94839353180527
"(93, 926.2195686005418)",55.543707655797974,37.82953089476703,0.46369891503292365,71.07900682317081,358.40800221916305
"(94, 926.2195686005418)",55.36124647893946,38.18707977933052,0.46808160299975404,72.67686644438524,360.86947395589704
"(95, 926.2195686005418)",55.17785549591332,38.54676985019929,0.4724905367524324,74.29748603777165,363.3324950809047
"(96, 926.2195686005418)",54.993553276539586,38.9085889815571,0.47692556765766675,75.9410552842253,365.7967382462273
"(97, 926.2195686005418)",54.80835993352443,39.27252375941426,0.48138653129225545,77.60776233553972,368.2618630080844
"(98, 926.2195686005418)",54.622297028644155,39.63855952542392,0.48587324798018006,79.29779370776018,370.7275164309863
"(99, 926.2195686005418)",54.43538747794729,40.0066804223658,0.49038552335012275,81.01133418084399,373.1933337044576
"(100, 926.2195686005418)",54.24765545620034,40.37686944117162,0.49492314891187816,82.74856670481199,375.65893877076957
"(101, 926.2195686005418)",54.05912630078842,40.749108469369006,0.49948590265017356,84.50967231253898,378.123944962157
"(102, 926.2195686005418)",53.86982641528696,41.123378340813346,0.5040735496342468,86.29483003935323,380.58795564582266
"(103, 926.2195686005418)",53.67978317292828,41.49965888656753,0.5086858426415152,88.10421684955634,383.05056487507096
"(104, 926.2195686005418)",53.48902482017008,41.87792898679262,0.5133225227936348,89.93800757004226,385.5113580448199
"(105, 926.2195686005418)",53.297580380579845,42.25816662350363,0.5179833202031526,91.79637483106997,387.96991254977036
"(106, 926.2195686005418)",53.105479559248984,42.64034893403898,0.5226679546289128,93.67948901435707,390.42579844336205
"(107, 926.2195686005418)",52.91275264793136,43.02445226509652,0.5273761361384167,95.58751820853388,392.878579095811
"(108, 926.2195686005418)",52.71943043111198,43.41045222717819,0.5321075657751702,97.52062817206675,395.32781184929576
"(109, 926.2195686005418)",52.52554409318664,43.79832374929246,0.5368619362292191,99.47898230370404,397.77304866857486
"(110, 926.2195686005418)",52.33112512693756,44.18804113375835,0.5416389325088957,101.46274162048762,400.21383678515974
"(111, 926.2195686005418)",52.13620524348712,44.5795781109495,0.5464382326118736,103.47206474338547,402.64971933322664
"(112, 926.2195686005418)",51.940816283865026,44.972907893839164,0.5512595081937315,105.50710789054135,405.08023597560356
"(113, 926.2195686005418)",51.74499013236854,45.368003232178694,0.5561024252320703,107.5680248781847,407.50492351797845
"(114, 926.2195686005418)",51.54875863182952,45.764836466174,0.5609666446844471,109.65496712916364,409.9233165097585
"(115, 926.2195686005418)",51.35215350093194,46.16337957950619,0.5658518231382861,111.7680836891102,412.33494782986327
"(116, 926.2195686005418)",51.1552062536716,46.56360425156699,0.5707576134511577,113.9075212502052,414.7393492560009
"(117, 926.2195686005418)",50.95794812107703,46.96548190876378,0.5756836653796493,116.07342418249522,417.1360520158222
"(118, 926.2195686005418)",50.76040997525435,47.36898377477769,0.5806296261954186,118.26593457273054,419.524587318684
"(119, 926.2195686005418)",50.56262225584143,47.77408091964578,0.5855951412868111,120.48519227064618,421.9044868665973
"(120, 926.2195686005418)",50.36461489891683,48.180744307558314,0.5905798547447498,122.73133494264268,424.2752833432102
"(17, 926.5157633705652)",68.20398537302954,16.267571761163563,0.19940124018072938,3.251050701567875,181.49734156151803
"(18, 926.5157633705652)",68.03814246928499,16.466897322046464,0.20184449136924812,3.5615915017511517,183.45051150137124
"(19, 926.5157633705652)",67.86853420499563,16.672790804794815,0.20436824945729679,3.8874374161771312,185.46296723845632
"(20, 926.5157633705652)",67.69589559614944,16.884580550458043,0.20696428152421156,4.228448394292586,187.52722089255286
"(21, 926.5157633705652)",67.52087936136843,17.101660804349315,0.20962516247683247,4.5845027187236,189.63651471517758
"(22, 926.5157633705652)",67.34405997526027,17.323489201270224,0.2123442442244193,4.9554949198945835,191.784794615039
"(23, 926.5157633705652)",67.16593934691663,17.549582762439464,0.21511560661063897,5.341333920169857,193.96666655160848
"(24, 926.5157633705652)",66.98695324492567,17.779513146424627,0.2179339992014338,5.741941405424249,196.1773442290923
"(25, 926.5157633705652)",66.8074778823852,18.012901654534378,0.22079478006315353,6.157250412024886,198.41259378642386
"(26, 926.5157633705652)",66.62783629144056,18.249414311959757,0.22369385546921156,6.587204112632102,200.66867914872932
"(27, 926.5157633705652)",66.44830427141629,18.48875721747734,0.22662762289863167,7.031754782846671,202.94231024793564
"(28, 926.5157633705652)",66.26911580164992,18.73067226517287,0.2295929185947013,7.490862930905454,205.23059530534027
"(29, 926.5157633705652)",66.09046788160128,18.974933281531516,0.2325869702149921,7.964496573524813,207.5309976852655
"(30, 926.5157633705652)",65.91252480635167,19.22134258240175,0.23560735462804136,8.452630642038507,209.8412973868807
"(31, 926.5157633705652)",65.73542191362606,19.469727930074956,0.23865196061447347,8.95524650421202,212.1595569643889
"(32, 926.5157633705652)",65.55926885233174,19.719939857800583,0.24171895607200256,9.4723315879202,214.48409151826738
"(33, 926.5157633705652)",65.38415242994459,19.971849321992835,0.2448067592371403,10.003879093900856,216.81344231897233
"(34, 926.5157633705652)",65.21013909559645,20.22534564133444,0.24791401342357272,10.549887785398418,219.14635361200362
"(35, 926.5157633705652)",65.03727711318784,20.4803346830221,0.25103956478990214,11.110361843351704,221.4817521641789
"(36, 926.5157633705652)",64.86559847366713,20.736737259585883,0.25418244268852297,11.68531077635045,223.81872914660133
"(37, 926.5157633705652)",64.69512058970243,20.994487703725554,0.2573418421965222,12.27474937547108,226.15652399442718
"(38, 926.5157633705652)",64.52584780853685,21.25353259327905,0.2605171084868952,12.878697704230186,228.49450993659784
"(39, 926.5157633705652)",64.35777277599016,21.51382960185914,0.26370772274010146,13.497181116243052,230.83218092501536
"(40, 926.5157633705652)",64.19087767554929,21.775346455182607,0.266913289351176,14.130230291548441,233.16913974540492
"(41, 926.5157633705652)",64.0251353515335,22.038059983862503,0.2701335243192573,14.777881285696557,235.50508721094124
"(42, 926.5157633705652)",63.86051037066747,22.301955237510136,0.27336824438858887,15.440175585232602,237.83981204573206
"(43, 926.5157633705652)",63.69695996754103,22.56702468750144,0.2766173572763799,16.117160163717312,240.17318177475622
"(44, 926.5157633705652)",63.53443495575069,22.833267471457482,0.27988085241194505,16.808887538138823,242.50513408711893
"(45, 926.5157633705652)",63.37288055819102,23.10068869871026,0.283158792423383,17.51541581356054,244.83566890367757
"(46, 926.5157633705652)",63.21223718369103,23.36929880213907,0.28645130519266016,18.236808717759146,247.16484098131312
"(47, 926.5157633705652)",63.05244116559804,23.639112931299493,0.28975857641683417,18.97313563355475,249.4927529884566
"(48, 926.5157633705652)",62.89342543496626,23.91015038967338,0.29308084271008633,19.724471606723174,251.81954910610102
"(49, 926.5157633705652)",62.7351201557569,24.182434108568284,0.2964183851550076,20.490897344951563,254.1454090540105
"(50, 926.5157633705652)",62.57745331406307,24.455990157597725,0.2997715233022525,21.272499200666314,256.47054254847734
"(51, 926.5157633705652)",62.42035126473932,24.73084728957342,0.3031406095920314,22.069369138541532,258.7951841662379
"(52, 926.5157633705652)",62.263739236971716,25.007036518203428,0.3065260241776803,22.881604687764234,261.11958859616357
"(53, 926.5157633705652)",62.107541800428095,25.28459072701317,0.309928170132024,23.709308879411317,263.44402626050334
"(54, 926.5157633705652)",61.951683293476755,25.5635443080495,0.3133474690186651,24.552590169450013,265.768779288613
"(55, 926.5157633705652)",61.79608821513444,25.843932828873267,0.31678435681025124,25.41156234812185,268.0941378257816
"(56, 926.5157633705652)",61.64068158235061,26.12579272642871,0.3202392801359279,26.286344436475922,270.4203966599036
"(57, 926.5157633705652)",61.485389254347425,26.409161026325574,0.32371269284047466,27.177060570993206,272.7478521488404
"(58, 926.5157633705652)",61.33013822570388,26.69407508612788,0.3272050528376284,28.083839877219912,275.07679943134144
"(59, 926.5157633705652)",61.174856889975246,26.980572361202338,0.3307168192399518,29.006816333393544,277.4075299041956
"(60, 926.5157633705652)",61.019475275568304,27.268690191740262,0.3342484497482374,29.946128625007564,279.7403289489086
"(61, 926.5157633705652)",60.863925255625794,27.55846560956901,0.33780039828347413,30.901919991276426,282.0754738912176
"(62, 926.5157633705652)",60.708140733640455,27.849935163405455,0.34137311284488686,31.874338064416897,284.4132321772496
"(63, 926.5157633705652)",60.55205780646549,28.143134761254643,0.3449670335781081,32.86353470260855,286.7538597506917
"(64, 926.5157633705652)",60.39561490633433,28.438099528703784,0.3485825910382197,33.86966581749681,289.0975996159689
"(65, 926.5157633705652)",60.23875292344435,28.734863681915755,0.35222020463294873,34.89289119697749,291.4446805730557
"(66, 926.5157633705652)",60.081415310587325,29.03346041418487,0.35588028123212007,35.93337432405127,293.7953161102579
"(67, 926.5157633705652)",59.92354817120805,29.333921794993735,0.35956321393033225,36.99128219236983,296.14970344226583
"(68, 926.5157633705652)",59.76510033219503,29.6362786805639,0.3632693809505272,38.06678511914744,298.5080226813829
"(69, 926.5157633705652)",59.60602340273677,29.940560634971497,0.3669991446770564,39.1600565560088,300.87043613079857
"(70, 926.5157633705652)",59.44627182004401,30.246795860952755,0.37075285080752296,40.2712728982924,303.237087689453
"(71, 926.5157633705652)",59.28580288353742,30.555011139623094,0.3745308276138854,41.40061329332303,305.60810235916557
"(72, 926.5157633705652)",59.12457677792417,30.865231778352758,0.3783333853035361,42.54825944809482,307.9835858449811
"(73, 926.5157633705652)",58.96255658634692,31.17748156615896,0.3821608154725177,43.71439543681362,310.36362424102384
"(74, 926.5157633705652)",58.79970829435126,31.491782735979417,0.38601339064308143,44.899207508601464,312.7482837943333
"(75, 926.5157633705652)",58.63600078535438,31.808155933309134,0.38989136387926493,46.10288389586372,315.1376107403242
"(76, 926.5157633705652)",58.4714058283344,32.12662019068439,0.3937949684741112,47.3256146235144,317.53163120376445
"(77, 926.5157633705652)",58.30589805830195,32.44719290758587,0.39772441770333494,48.56759131945185,319.93035116006706
"(78, 926.5157633705652)",58.13945495011222,32.76988983535946,0.40167990464049397,49.82900702656906,322.3337564520341
"(79, 926.5157633705652)",57.972056786101,33.09472506680629,0.40566160202937696,51.1100560165709,324.7418128578037
"(80, 926.5157633705652)",57.80368661799099,33.421711030126644,0.40966966220977924,52.41093360586023,327.15446620619497
"(81, 926.5157633705652)",57.63433022346046,33.75085848694588,0.41370421709330396,53.73183597378249,329.5716425360421
"(82, 926.5157633705652)",57.46397605773661,34.082176534177755,0.4177653781861981,55.072959983450296,331.9932482965279
"(83, 926.5157633705652)",57.292615200563134,34.41567260949888,0.4218532366564592,56.434503005405865,334.41917058569715
"(84, 926.5157633705652)",57.12024129880601,34.75135250026257,0.42596786344309523,57.81666274435164,336.8492774249564
"(85, 926.5157633705652)",56.94685050502277,35.089220355658505,0.4301093094051764,59.21963706924136,339.28341806708227
"(86, 926.5157633705652)",56.77244141221847,35.42927870198455,0.43427760550903116,60.64362384686592,341.72142333607525
"(87, 926.5157633705652)",56.59701498505317,35.771528460883424,0.43847276305177574,62.08882077917379,344.16310599694316
"(88, 926.5157633705652)",56.42057448772573,36.115968970422124,0.4426947739197088,63.555425244772806,346.60826115360595
"(89, 926.5157633705652)",56.243125408759816,36.46259800889792,0.4469436108801038,65.04363414449057,349.0566666736857
"(90, 926.5157633705652)",56.06467538290776,36.811411821261956,0.4512192279051119,66.55364375147973,351.5080836385021
"(91, 926.5157633705652)",55.8852341103769,37.16240514806044,0.45552156052649584,68.08564956599604,353.9622568169614
"(92, 926.5157633705652)",55.704813273604444,37.51557125678444,0.4598505262199193,69.63984617610735,356.41891516089726
"(93, 926.5157633705652)",55.523426451759946,37.87090197554297,0.46420602481768103,71.21642711734826,358.87777232782105
"(94, 926.5157633705652)",55.341089033218886,38.2283877289416,0.4685879389485169,72.8155847531667,361.33852720795824
"(95, 926.5157633705652)",55.15781812618416,38.5880175760817,0.4729961345033675,74.43751014030138,363.8008644904127
"(96, 926.5157633705652)",54.97363246767727,38.94977925056987,0.47743046112579607,76.08239291536958,366.26445523095833
"(97, 926.5157633705652)",54.78855233112564,39.313659202423004,0.4818907527256541,77.75042118121524,368.7289574416105
"(98, 926.5157633705652)",54.60259943273364,39.679642641770464,0.48637682801475857,79.441781400426,371.19401669342216
"(99, 926.5157633705652)",54.415796836870655,40.04771358422735,0.4908884910630576,81.15665829515612,373.65926673195753
"(100, 926.5157633705652)",54.22816886069533,40.417854897816824,0.4954255318737871,82.89523475345058,376.12433010385956
"(101, 926.5157633705652)",54.03974097821859,40.7900483513216,0.49998772697614263,84.65769174220861,378.5888187930059
"(102, 926.5157633705652)",53.8505397240375,41.164274663926,0.5045748400337735,86.4442082269626,381.05233486450993
"(103, 926.5157633705652)",53.6605925969594,41.54051355601048,0.5091866224673985,88.25496109859078,383.5144711148708
"(104, 926.5157633705652)",53.46992796371257,41.9187438009665,0.5138228140899322,90.09012510711118,385.97481172663436
"(105, 926.5157633705652)",53.27857496298344,42.29894327787281,0.5184831437521753,91.94987280266048,388.4329329256567
"(106, 926.5157633705652)",53.086563409964086,42.68108902489635,0.5231673299973644,93.83437448376729,390.88840363928114
"(107, 926.5157633705652)",52.8939237016349,43.06515729325519,0.52787508172265,95.74379815301306,393.34078615354747
"(108, 926.5157633705652)",52.700686722961365,43.4511236015986,0.5326060988456479,97.67830948014827,395.78963676764585
"(109, 926.5157633705652)",52.50688375421243,43.83896279064069,0.5373600729741225,99.63807177273564,398.234506443746
"(110, 926.5157633705652)",52.31254637956514,44.22864907789947,0.5421366880769561,101.6232459543668,400.67494145044424
"(111, 926.5157633705652)",52.117706397183035,44.620156112379085,0.5469356211544252,103.63399055048406,403.11048399796243
"(112, 926.5157633705652)",51.92239573091934,45.013457029046286,0.5517565429059352,105.67046168183684,405.5406728633598
"(113, 926.5157633705652)",51.7266463437969,45.408524502948225,0.5565991183933957,107.73281306558316,407.96504400405746
"(114, 926.5157633705652)",51.53049015340717,45.80533080282152,0.5614630076983234,109.82119602401839,410.3831311579272
"(115, 926.5157633705652)",51.33395894934803,46.20384784405029,0.5663478665709838,111.93575950093484,412.79446642837115
"(116, 926.5157633705652)",51.137084312812114,46.604047240833815,0.5712533470698453,114.07665008557078,415.1985808528373
"(117, 926.5157633705652)",50.93989753842866,47.00590035742638,0.5761790981896501,116.24401204412312,417.5950049532243
"(118, 926.5157633705652)",50.742429558434,47.40937835832693,0.581124766476621,118.43798735875427,419.98326926687366
"(119, 926.5157633705652)",50.54471086924748,47.81445225729311,0.5860899966292565,120.65871577406494,422.3629048567427
"(120, 926.5157633705652)",50.346771460504144,48.221092965068046,0.5910744320833462,122.90633485094203,424.7334437995828
"(17, 926.8062083309358)",68.12464102354879,16.351772095772112,0.20043333343908862,3.309115832028319,182.45374195578358
"(18, 926.8062083309358)",67.96154893990423,16.54900114192079,0.2028508864076026,3.62036251367973,184.3830983743198
"(19, 926.8062083309358)",67.79459060453344,16.752878062081955,0.2053499262963596,3.946937836431503,186.37264873533462
"(20, 926.8062083309358)",67.6244944976966,16.962735885162505,0.20792227764653493,4.288699366730306,188.41495840638683
"(21, 926.8062083309358)",67.45191011815456,17.177971005540865,0.2105605417073289,4.645523234303713,190.50329404957367
"(22, 926.8062083309358)",67.27741126143445,17.39804127584552,0.21325807305804023,5.017302038924562,192.6316040479594
"(23, 926.8062083309358)",67.10150104858363,17.62246250966112,0.21600893673964675,5.403942981184031,194.79448064408493
"(24, 926.8062083309358)",66.92461782291737,17.850804141112597,0.21880785505178266,5.805366217911784,196.98711227565587
"(25, 926.8062083309358)",66.74714131572883,18.082684552697103,0.22165015028320473,6.221503431936276,199.2052319280228
"(26, 926.8062083309358)",66.56939869457587,18.317766405816045,0.22453168747536428,6.652296600816959,201.44506531837206
"(27, 926.8062083309358)",66.39167026228729,18.55575217975487,0.22744881974104433,7.097696947288321,203.70328126625546
"(28, 926.8062083309358)",66.21419468289709,18.796380034463596,0.2303983375520246,7.557664053961773,205.9769455783812
"(29, 926.8062083309358)",66.03717368412221,19.039420050724097,0.23337742265258,8.032165125590291,208.2634790730936
"(30, 926.8062083309358)",65.86077623394365,19.28467086053847,0.23638360675616316,8.521174383105585,210.56061990616496
"(31, 926.8062083309358)",65.68514221834374,19.531956655016145,0.23941473486931236,9.024672574660647,212.86639006812302
"(32, 926.8062083309358)",65.5103856633615,19.781124542414425,0.24246893290758822,9.542646589860645,215.17906575626927
"(33, 926.8062083309358)",65.33659755308794,20.03204222096974,0.2455445791700888,10.07508916418448,217.4971512326608
"(34, 926.8062083309358)",65.16384829612267,20.284595929048205,0.24864027921344511,10.621998661311347,219.8193557548469
"(35, 926.8062083309358)",64.99218989152627,20.538688635422925,0.2517548436679685,11.183378921858417,222.14457316699895
"(36, 926.8062083309358)",64.82165784048242,20.79423843518094,0.25488726857734073,11.759239167629385,224.47186377436464
"(37, 926.8062083309358)",64.65227284546347,21.051177120043437,0.2580367178721844,12.349593951366844,226.80043814991177
"(38, 926.8062083309358)",64.48404233054548,21.309448896561648,0.26120250765922604,12.954463142152482,229.129642588027
"(39, 926.8062083309358)",64.31696181518299,21.569009228395938,0.2643840920302242,13.573871938957321,231.45894593859197
"(40, 926.8062083309358)",64.1510161642636,21.82982378345556,0.26758105015646705,14.20785090323875,233.78792761348646
"(41, 926.8062083309358)",63.98618072283165,22.091867477128442,0.2707930745610348,14.856436004629915,236.11626667155915
"(42, 926.8062083309358)",63.822422389630226,22.355123576625566,0.274019960140249,15.519668673274575,238.44373159130373
"(43, 926.8062083309358)",63.659700574068765,22.619582894343797,0.27726159427621694,16.19759585294802,240.7701710539829
"(44, 926.8062083309358)",63.4979681188249,22.885243023113862,0.28051794746285524,16.89027005482565,243.09550520199988
"(45, 926.8062083309358)",63.33717214088318,23.15210763296677,0.283789064685897,17.597749399596406,245.41971760772242
"(46, 926.8062083309358)",63.17725481839058,23.420185814735298,0.28707505737705297,18.32009764975699,247.7428477842553
"(47, 926.8062083309358)",63.01815413887449,23.689491465490914,0.29037609588094504,19.057384239834313,250.0649841735246
"(48, 926.8062083309358)",62.859804581310065,23.960042718650826,0.29369240246956907,19.809684282242817,252.38625766618165
"(49, 926.8062083309358)",62.70213775956109,24.231861411284903,0.29702424481281037,20.577078564351325,254.70683555296907
"(50, 926.8062083309358)",62.54508301924479,24.504972588502024,0.30037192990335887,21.35965352957019,257.02691591320746
"(51, 926.8062083309358)",62.38856799133279,24.779404042775607,0.3037357984099911,22.157501243221297,259.346722415512
"(52, 926.8062083309358)",62.23251910414706,25.055185886527465,0.30711621943845335,22.97071934329922,261.6664995113854
"(53, 926.8062083309358)",62.07686205538096,25.332350156381903,0.3105135856805802,23.79941097644024,263.9865080034215
"(54, 926.8062083309358)",61.92152224568654,25.61093044760638,0.31392830893342,24.643684719631082,266.3070209706945
"(55, 926.8062083309358)",61.766425175541876,25.890961577213922,0.31736081596967425,25.503654488396712,268.628320033269
"(56, 926.8062083309358)",61.61149680701622,26.172479274286417,0.3208115447418123,26.379439432247676,270.9506919387017
"(57, 926.8062083309358)",61.456663892211616,26.455519896024285,0.324280940901528,27.271163818287356,273.274425452646
"(58, 926.8062083309358)",61.301854270088135,26.740120168090282,0.3277694546169652,28.1789569039365,275.5998085363118
"(59, 926.8062083309358)",61.146997133519996,27.02631694776316,0.33127753766958135,29.102952799710298,277.92712579304316
"(60, 926.8062083309358)",60.9920232683045,27.314147008506872,0.33480564081344416,30.04329032302939,280.25665616708795
"(61, 926.8062083309358)",60.83686526591943,27.603646844538858,0.338354211379747,31.000112843988298,282.588670877679
"(62, 926.8062083309358)",60.681457711775685,27.894852494031415,0.34192369110966503,31.97356812400998,284.9234315718567
"(63, 926.8062083309358)",60.52573735064566,28.187799379633603,0.3455145141995372,32.96380814825257,287.2611886803258
"(64, 926.8062083309358)",60.369643230901055,28.482522165047975,0.3491271055428525,33.97098895258506,289.6021799611405
"(65, 926.8062083309358)",60.21311682914823,28.77905462644308,0.3527618791540684,34.9952704459369,291.946629216541
"(66, 926.8062083309358)",60.056102156744124,29.077429537559727,0.3564192367602915,36.03681622873248,294.2947451692794
"(67, 926.8062083309358)",59.8985458495839,29.37767856743969,0.3600995665476827,37.095793408080844,296.64672048559044
"(68, 926.8062083309358)",59.74039724251243,29.679832189750357,0.3638032420499902,38.1723724103721,299.00273093248103
"(69, 926.8062083309358)",59.581608429590275,29.98391960276435,0.36753062116769664,39.26672679182789,301.36293465811855
"(70, 926.8062083309358)",59.422134311351236,30.289968659125368,0.37128204530711295,40.3790330475688,303.72747158487124
"(71, 926.8062083309358)",59.26193262999409,30.59800580465384,0.37505783863028974,41.50947041966899,306.09646290606577
"(72, 926.8062083309358)",59.10096399393738,30.908056025223235,0.37885830740384413,42.65822070464404,308.47001067498877
"(73, 926.8062083309358)",58.939191891817714,31.22014280144394,0.3826837394434921,43.82546806084661,310.84819748268006
"(74, 926.8062083309358)",58.776582697567186,31.534288070126,0.38653440364167574,45.01139881602441,313.23108621257654
"(75, 926.8062083309358)",58.61310566679991,31.850512192222975,0.39041054957463683,46.21620127557322,315.61871986809274
"(76, 926.8062083309358)",58.44873292537765,32.16883392666105,0.39431240718162,47.440065531680034,318.0111214661612
"(77, 926.8062083309358)",58.283439450671054,32.489270409648576,0.39824018651125515,48.68318327371939,320.4082939917817
"(78, 926.8062083309358)",58.11720304613365,32.81183713903246,0.40219407752981334,49.945747600211185,322.81022040835353
"(79, 926.8062083309358)",57.95000430962905,33.1365479633736,0.4061742499872847,51.22795283259393,325.216863719783
"(80, 926.8062083309358)",57.78182659597825,33.46341507541499,0.4101808533373266,52.52999433109904,327.62816708041635
"(81, 926.8062083309358)",57.612655974134604,33.79244900966154,0.41421401670759317,53.85206831298303,330.04405394930825
"(82, 926.8062083309358)",57.44248117933523,34.12365864383301,0.41827384891754105,55.1943716733522,332.46442828590074
"(83, 926.8062083309358)",57.27129356057675,34.4570512039641,0.42236043854094596,56.55710180884941,334.88917478427595
"(84, 926.8062083309358)",57.09908702371888,34.79263227295912,0.4264738540107655,57.940456444428776,337.3181591435698
"(85, 926.8062083309358)",56.92585797048583,35.13040580243497,0.4306141437643052,59.34463346343606,339.75122837243214
"(86, 926.8062083309358)",56.751605233646586,35.47037412768907,0.434781336426684,60.76983074134198,342.18821112533
"(87, 926.8062083309358)",56.57633000861331,35.812537985657116,0.43897544103095715,62.21624598303852,344.6289180692632
"(88, 926.8062083309358)",56.40003578167418,36.156896535742604,0.44319644727343954,63.68407656445985,347.07314227877816
"(89, 926.8062083309358)",56.22272825512882,36.50344738338027,0.4474443258025254,65.17351937821422,349.52065965801626
"(90, 926.8062083309358)",56.04441526949115,36.852186606248566,0.4517190285400068,66.6847706837895,351.97122938830796
"(91, 926.8062083309358)",55.865106723018684,37.203108783005376,0.45602048903328596,68.21802596242652,354.4245943997323
"(92, 926.8062083309358)",55.68481448875186,37.55620702445665,0.4603486228374421,69.77347977795108,356.88048186438664
"(93, 926.8062083309358)",55.503552329274626,37.91147300705772,0.4647033279258665,71.35132563652405,359.33860371721573
"(94, 926.8062083309358)",55.32133580942652,38.26889700863528,0.46908448512814127,72.95175586725064,361.79865718123125
"(95, 926.8062083309358)",55.13818220714437,38.628467946243774,0.47349195859404897,74.57496148766171,364.26032533207723
"(96, 926.8062083309358)",54.954110422669174,38.990173416038914,0.477925596282342,76.22113209045956,366.7232776642794
"(97, 926.8062083309358)",54.76914088632882,39.3539997350614,0.48238523047290205,77.89045573001523,369.1871706794197
"(98, 926.8062083309358)",54.58329546509398,39.71993198482622,0.48687067830104264,79.58311881602727,371.65164848767284
"(99, 926.8062083309358)",54.396597368038506,40.087954056560896,0.49138174231201953,81.29930601352626,374.1163434217255
"(100, 926.8062083309358)",54.20907105168956,40.458048698164326,0.49591821103663514,83.03920014934737,376.5808766637773
"(101, 926.8062083309358)",54.02074212312644,40.83019756220328,0.5004798595795601,84.80298212527953,379.0448588776517
"(102, 926.8062083309358)",53.831637245003385,41.20438125572832,0.505066450229949,86.59083083801085,381.50789085477345
"(103, 926.8062083309358)",53.64178403875031,41.580579390860315,0.5096777330815232,88.40292310602868,383.96956416196457
"(104, 926.8062083309358)",53.451210988548716,41.958770636551264,0.5143134466670194,90.23943360359581,386.42946179547937
"(105, 926.8062083309358)",53.259947345503384,42.33893277119024,0.5189733186030224,92.10053480191432,388.8871588374756
"(106, 926.8062083309358)",53.06802303232923,42.7210427359329,0.5236570662436506,93.98639691759324,391.3422231133862
"(107, 926.8062083309358)",52.87546854876657,43.10507668859731,0.528364397341191,95.89718786849758,393.79421584835166
"(108, 926.8062083309358)",52.682314877912624,43.49101005797662,0.5330950107118395,97.83307323706218,396.24269232091746
"(109, 926.8062083309358)",52.48859339365957,43.87881759841247,0.5378485969046473,99.79421624112354,398.6872025121865
"(110, 926.8062083309358)",52.29433576943803,44.268473444465535,0.5426248388716337,101.7807777123352,401.1272917484686
"(111, 926.8062083309358)",52.09957388841072,44.65995116553961,0.5474234126373672,103.79291608218507,403.5625013358345
"(112, 926.8062083309358)",51.9043397553104,45.05322382029,0.5522439879659009,105.83078737564371,405.99236918458786
"(113, 926.8062083309358)",51.70866541003124,45.448264010689115,0.557086229023306,107.89454521245715,408.41643042201235
"(114, 926.8062083309358)",51.512582843166385,45.845043935555964,0.5619497950341942,109.98434081606939,410.83421799191865
"(115, 926.8062083309358)",51.316123913550065,46.24353544346827,0.5668343409299068,112.1003230301665,413.2452632388453
"(116, 926.8062083309358)",51.11932026798499,46.6437100848533,0.5717395179872203,114.24263834281665,415.64909647587587
"(117, 926.8062083309358)",50.92220326318986,47.04553916317082,0.5766649744556825,116.41143091815952,418.04524753436755
"(118, 926.8062083309358)",50.72480389010216,47.44899378503121,0.5816103561719429,118.60684263559746,420.43324629412604
"(119, 926.8062083309358)",50.52715270056836,47.85404490914501,0.5865753071597533,120.82901313643646,422.81262319284843
"(120, 926.8062083309358)",50.32927973649336,48.26066339398298,0.5915594702141725,123.07807987790818,425.1829097135463
"(17, 927.0898017244339)",68.04798445917177,16.433466039533354,0.2014347043837156,3.3660995392450643,183.3819606082738
"(18, 927.0898017244339)",67.88750290952844,16.6287008183953,0.2038278124396095,3.678028341937769,185.28865787862492
"(19, 927.0898017244339)",67.72306389970484,16.830656147130334,0.20630329824671856,4.005309022694079,187.25637484395298
"(20, 927.0898017244339)",67.55538902522206,17.038670035254817,0.20885304739648827,4.347796838001488,189.2777334623526
"(21, 927.0898017244339)",67.38512408367694,17.2521414117501,0.2114696922062472,4.705365823641207,191.34602919457555
"(22, 927.0898017244339)",67.21284163628754,17.47052878222677,0.21414659525927734,5.077906695607637,193.45521784327838
"(23, 927.0898017244339)",67.0390454289522,17.693347206668676,0.21687781235923212,5.465324970518162,195.59988308803133
"(24, 927.0898017244339)",66.86417578973997,17.920164346746915,0.21965804407973086,5.867539304731553,197.77519322832308
"(25, 927.0898017244339)",66.68861539435262,18.150596102579552,0.22248258228153706,6.284480050275538,199.9768530442547
"(26, 927.0898017244339)",66.51269500010662,18.384302184406362,0.22534725583197343,6.716088006844083,202.20105472156544
"(27, 927.0898017244339)",66.3366989024716,18.620981836447953,0.22824837818972374,7.162313357226317,204.44443032260824
"(28, 927.0898017244339)",66.16086997723883,18.86036983889402,0.231182698398848,7.623114767885874,206.70400725282173
"(29, 927.0898017244339)",65.98541424615016,19.102232850976026,0.234147356263653,8.098458638328687,208.9771674544417
"(30, 927.0898017244339)",65.81050495366695,19.34636611576719,0.23713984195748825,8.58831848354757,211.26161057778378
"(31, 927.0898017244339)",65.63628617371022,19.5925905204288,0.24015795998844763,9.092674434754628,213.5553210734798
"(32, 927.0898017244339)",65.46287598286331,19.840749989745923,0.2431997972503904,9.611512844504835,215.85653896778214
"(33, 927.0898017244339)",65.29036924640074,20.090709181664423,0.24626369477596022,10.144825983044619,218.16373397872684
"(34, 927.0898017244339)",65.11884006556377,20.34235145056453,0.24934822277032445,10.692611813554304,220.47558259492575
"(35, 927.0898017244339)",64.94834393343817,20.595577043705035,0.25245215850572605,11.254873834592955,222.79094773938596
"(36, 927.0898017244339)",64.7789196439861,20.850301498001894,0.2555744666680578,11.831620978773367,225.10886065034427
"(37, 927.0898017244339)",64.6105909929598,21.106454207758116,0.2587142818015619,12.4228675575445,227.42850466114487
"(38, 927.0898017244339)",64.4433683037622,21.36397713764271,0.26187089253288803,13.028633242124782,229.74920059359093
"(39, 927.0898017244339)",64.27724980892486,21.622823658159852,0.2650437272967594,13.648943073011443,232.07039351484613
"(40, 927.0898017244339)",64.11222290941859,21.882957484907898,0.26823234133381896,14.283827488914485,234.3916406543364
"(41, 927.0898017244339)",63.94826531930052,22.14435171347477,0.27143640486079007,14.933322369074178,236.71260039410882
"(42, 927.0898017244339)",63.78534614978364,22.40698791511083,0.27465569198560086,15.59746908252627,239.03302194289162
"(43, 927.0898017244339)",63.623426876484864,22.670855321619843,0.2778900707160995,16.276314538334596,241.352736023043
"(44, 927.0898017244339)",63.46246227226359,22.935950052279548,0.2811394934839796,16.96991123674763,243.67164603422276
"(45, 927.0898017244339)",63.30240125804148,23.202274402639826,0.2844039884271614,17.678317308827165,245.98971993174808
"(46, 927.0898017244339)",63.14318769895145,23.46983618057902,0.2876836512514192,18.40159654640602,248.30698265163338
"(47, 927.0898017244339)",62.98476116138653,23.738648084647924,0.2909786376103945,19.139818430240425,250.62350901802608
"(48, 927.0898017244339)",62.827057603215245,24.008727127574346,0.29428915603914446,19.89305813382676,252.93941718815466
"(49, 927.0898017244339)",62.67001002486226,24.28009409743373,0.29761546134939665,20.66139651861394,255.25486253392413
"(50, 927.0898017244339)",62.513549073205915,24.55277305638189,0.30095784848521445,21.444920113359267,257.57003196621037
"(51, 927.0898017244339)",62.35760360166513,24.826790874778705,0.3043166468124706,22.24372107838962,259.8851386764283
"(52, 927.0898017244339)",62.202101188184976,25.102176798981958,0.30769221482105924,23.057897154868147,262.2004172757396
"(53, 927.0898017244339)",62.046968612704696,25.378962051241853,0.3110849352205663,23.88755159937278,264.51611931372037
"(54, 927.0898017244339)",61.89213229579696,25.657179460123338,0.3144952104100761,24.732793104342637,266.832509158019
"(55, 927.0898017244339)",61.737518700092565,25.936863119969104,0.31792345830412877,25.593735705069047,269.149860217652
"(56, 927.0898017244339)",61.58305469628136,26.218048077870773,0.32137010849562103,26.470498674077298,271.4684514912878
"(57, 927.0898017244339)",61.428667895372406,26.50077004668429,0.3248355987381382,27.363206403731866,273.7885644234465
"(58, 927.0898017244339)",61.274286949072646,26.785065142574606,0.32832037172885437,28.271988278055122,276.1104800501409
"(59, 927.0898017244339)",61.11984182004296,27.07096964564136,0.3318248721743881,29.19697853468207,278.43447641670696
"(60, 927.0898017244339)",60.9652640238724,27.35851978215935,0.33534954412159895,30.13831611790827,280.7608262501642
"(61, 927.0898017244339)",60.810486844553246,27.647751527019732,0.3388948285359875,31.096144523789775,283.0897948690749
"(62, 927.0898017244339)",60.655445525209764,27.938700424993293,0.34246116111081304,32.07061163816076,285.42163831438234
"(63, 927.0898017244339)",60.500077435822604,28.23140142946623,0.34604897029038467,33.061869568498416,287.7566016849588
"(64, 927.0898017244339)",60.34432221956726,28.525888757384973,0.34965867549203644,34.07007447039082,290.0949176627494
"(65, 927.0898017244339)",60.1881219193897,28.822195759167293,0.35329068551154524,35.09538636943854,292.43680521254925
"(66, 927.0898017244339)",60.031421086301215,29.120354802433695,0.35694539709796214,36.13796897928542,294.7824684427136
"(67, 927.0898017244339)",59.87416687081735,29.420397168466362,0.36062319368445195,37.197989516455394,297.13209561369524
"(68, 927.0898017244339)",59.71630909889953,29.722352960361906,0.3643244442624559,38.27561851262067,299.48585828202414
"(69, 927.0898017244339)",59.5578003336139,30.026251021941572,0.3680495023877367,39.37102962488864,301.84391056853474
"(70, 927.0898017244339)",59.39859592367646,30.332118866530912,0.37179870530738507,40.48439944460946,304.20638854021536
"(71, 927.0898017244339)",59.23865403997078,30.6399826147873,0.37557237319773074,41.61590730521719,306.5734096958421
"(72, 927.0898017244339)",59.077935700981534,30.949866940848874,0.37937080850426885,42.76573508955232,308.94507254670845
"(73, 927.0898017244339)",58.91640478805638,31.261795026119053,0.3831942953751593,43.93406703704931,311.32145628424126
"(74, 927.0898017244339)",58.7540280513409,31.57578852005595,0.387043099180603,45.12108955122709,313.7026205269285
"(75, 927.0898017244339)",58.5907751070817,31.89186750743217,0.39091746611152706,46.3269910077779,316.0886051401758
"(76, 927.0898017244339)",58.42661842700156,32.2100504815507,0.3948176228512749,47.551961563632794,318.479430122868
"(77, 927.0898017244339)",58.26153332035675,32.53035432296469,0.398743776314761,48.796192967289855,320.87509555521393
"(78, 927.0898017244339)",58.09549790920856,32.85279428330837,0.4026961134502796,50.05987837071558,323.27558160310423
"(79, 927.0898017244339)",57.928493097419555,33.17738397387493,0.40667480109949417,51.34321214307422,325.68084857457944
"(80, 927.0898017244339)",57.760502533822816,33.50413535862392,0.4106799859117257,52.64638968658589,328.09083702450914
"(81, 927.0898017244339)",57.59151256996687,33.83305875133807,0.41471179430910776,53.969607254739664,330.5054679040753
"(82, 927.0898017244339)",57.421512212805865,34.164162816680225,0.4187703324995291,55.313061773130194,332.9246427519335
"(83, 927.0898017244339)",57.25049307266558,34.497454574932064,0.42285568653473293,56.67695066316792,335.348243924367
"(84, 927.0898017244339)",57.07844930681308,34.83293941020936,0.4269679224110065,58.06147166886323,337.77613486185027
"(85, 927.0898017244339)",56.9053775588879,35.17062108199286,0.43110708621052796,59.466822686967106,340.2081603899497
"(86, 927.0898017244339)",56.73127689447926,35.51050173980921,0.4352732042813156,60.89320160074102,342.64414705238283
"(87, 927.0898017244339)",56.55614873309393,35.8525819409234,0.4394662834540968,62.340806117330146,345.0839034747023
"(88, 927.0898017244339)",56.37999677674392,36.19686067091827,0.4436863112945586,63.80983360944259,347.5272207564752
"(89, 927.0898017244339)",56.20282693539003,36.54333536703776,0.44793325638948694,65.30048096107048,349.973872890839
"(90, 927.0898017244339)",56.02464724945915,36.89200194418369,0.4522070686654189,66.81294441778327,352.4236172096273
"(91, 927.0898017244339)",55.845467809643154,37.24285482346344,0.45650767973857076,68.34741944170403,354.8761948528089
"(92, 927.0898017244339)",55.665300674203955,37.595886963179325,0.46083500329469457,69.90410057244814,357.33133125970915
"(93, 927.0898017244339)",55.48415978397929,37.951089892165946,0.4651889354977062,71.4831812869736,359.78873668799525
"(94, 927.0898017244339)",55.302060875322525,38.30845374536189,0.4695693554257238,73.0848538803532,362.2481067371513
"(95, 927.0898017244339)",55.1190213911567,38.66796730152889,0.47397612553339485,74.7093093313481,364.70912291152234
"(96, 927.0898017244339)",54.93506039038942,39.02961802299412,0.4784090921390552,76.35673718930984,367.1714531850533
"(97, 927.0898017244339)",54.75019845588203,39.39339209731773,0.482868085935468,78.02732546081731,369.6347525881526
"(98, 927.0898017244339)",54.56445760118754,39.75927448077198,0.4873529225227715,79.72126050349723,372.0986638079624
"(99, 927.0898017244339)",54.37786117618129,40.12724894347825,0.4918634029617542,81.4387269261674,374.5628178011506
"(100, 927.0898017244339)",54.190433772577165,40.49729811627029,0.49639931434828005,83.17990749548949,377.0268344198024
"(101, 927.0898017244339)",54.00220112717847,40.869403538603926,0.50096043040055,84.94498304927966,379.49032304255337
"(102, 927.0898017244339)",53.81319002705262,41.2435457082896,0.5055465120687023,86.73413241662017,381.95288321963216
"(103, 927.0898017244339)",53.62342821287565,41.619704132001075,0.5101573081539283,88.54753234494446,384.41410531975185
"(104, 927.0898017244339)",53.432944283047746,41.997857376962195,0.5147925559420224,90.38535743418726,386.87357118331687
"(105, 927.0898017244339)",53.24176759800034,42.377983123482664,0.5194519818473541,92.24778007813444,389.3308547780933
"(106, 927.0898017244339)",53.04992818501537,42.76005821821953,0.524135302065717,94.13497041307424,391.7855228558075
"(107, 927.0898017244339)",52.85745664376852,43.14405872800864,0.5288422232341715,96.04709627383548,394.23713560784137
"(108, 927.0898017244339)",52.66438405278576,43.52995999411429,0.5335724430960239,97.9843231572831,396.68524731823146
"(109, 927.0898017244339)",52.47074187701488,43.917736686736596,0.5383256511689499,99.94681419335235,399.12940701204616
"(110, 927.0898017244339)",52.276561876678535,44.30736285962689,0.5431015294144474,101.93473012364326,401.5691590974336
"(111, 927.0898017244339)",52.08187601760354,44.69881200464498,0.5478997529065746,103.94822928763095,404.00404399939157
"(112, 927.0898017244339)",51.88671638316811,45.09205710611281,0.5527199904982047,105.98746761650368,406.4335987836079
"(113, 927.0898017244339)",51.6911150880236,45.48707069481022,0.55756190548287,108.05259863464322,408.85735776856825
"(114, 927.0898017244339)",51.4951041937383,45.883824901458546,0.5624251562503552,110.14377346873458,411.2748531242409
"(115, 927.0898017244339)",51.29871562647562,46.28229150955381,0.5673093969342947,112.26114086449137,413.68561545573215
"(116, 927.0898017244339)",51.10198109682138,46.6824420074083,0.5722142780500876,114.40484721097755,416.0891743703682
"(117, 927.0898017244339)",50.90493202186469,47.08424763926217,0.5771394471213895,116.57503657247534,418.48505902664306
"(118, 927.0898017244339)",50.70759944960556,47.487679455342914,0.5820845492937325,118.77185072785181,420.87279866373115
"(119, 927.0898017244339)",50.510013985768,47.89270836074705,0.5870492279336905,120.99542921736654,423.25192311016065
"(120, 927.0898017244339)",50.31220572306579,48.299305163033715,0.5920331252122643,123.24590939686097,425.62196327047405
"(17, 927.36546778418)",67.97422398992391,16.512396288129807,0.20240219908353685,3.4217617348222027,184.27904829882868
"(18, 927.36546778418)",67.81621152371844,16.705740562470186,0.20477213410834366,3.7343470291069893,186.164258907442
"(19, 927.36546778418)",67.65415940303684,16.905871244770214,0.20722525414584536,4.062307022760664,188.11123772489682
"(20, 927.36546778418)",67.48878211858344,17.11213152075215,0.2097535082353122,4.405494744059234,190.11266553995392
"(21, 927.36546778418)",67.32072140071631,17.32392315382707,0.21234956343734543,4.763782202457968,192.16187002838228
"(22, 927.36546778418)",67.15054812137275,17.54070566408014,0.21500679477024429,5.137058285857349,194.25281852302746
"(23, 927.36546778418)",66.97876614948768,17.761993750012135,0.21771925360675193,5.525226871543518,196.38009059510452
"(24, 927.36546778418)",66.80581727919224,17.987353701718213,0.22048162370826443,5.928205152596128,198.5388389554341
"(25, 927.36546778418)",66.63208661560965,18.216399331768443,0.22328917134724444,6.345922179556088,200.72474465802316
"(26, 927.36546778418)",66.45790800796198,18.448787778535504,0.2261376938661146,6.778317597848499,202.93397065793656
"(27, 927.36546778418)",66.28356927197966,18.68421540920757,0.22902346945807336,7.225340569080709,205.16311631846136
"(28, 927.36546778418)",66.10931705288084,18.922413957997136,0.2319432098308384,7.686948858323397,207.40917442581627
"(29, 927.36546778418)",65.93536125624456,19.163146970931567,0.2348940166283333,8.163108071307386,209.6694915389319
"(30, 927.36546778418)",65.76187902528345,19.406206585136104,0.23787334195246998,8.653791025849332,211.94173200728923
"(31, 927.36546778418)",65.5890182757702,19.65141064229884,0.24087895298117312,9.158977242755194,214.22384566799394
"(32, 927.36546778418)",65.41690081892547,19.898600119002797,0.243908900470452,9.678652542176872,216.51403903932888
"(33, 927.36546778418)",65.24562511360715,20.147636846539168,0.24696149080495788,10.212808732229368,218.8107497127889
"(34, 927.36546778418)",65.07526869219795,20.39840148903594,0.25003526121388936,10.761443377370192,221.11262360078797
"(35, 927.36546778418)",64.90589030454682,20.650791747673818,0.2531289577606635,11.324559634765219,223.41849468867449
"(36, 927.36546778418)",64.73753182191867,20.90472076010303,0.2562415157219664,11.902166147549506,225.7273669456792
"(37, 927.36546778418)",64.5702199378792,21.160115667078873,0.2593720420189792,12.4942769847691,228.0383980922995
"(38, 927.36546778418)",64.40396769771418,21.41691632171518,0.2625197993957699,13.100911617951477,230.3508849513158
"(39, 927.36546778418)",64.2387758858975,21.675074119472857,0.2656841920777854,13.72209492668134,232.66425014239607
"(40, 927.36546778418)",64.07463429297941,21.934550930808527,0.2688647526886806,14.357857223934568,234.97802992388156
"(41, 927.36546778418)",63.91152286875084,22.19531812882023,0.272061130331606,15.008234295108844,237.29186310075374
"(42, 927.36546778418)",63.749412815490686,22.457355677270886,0.27527307941055296,15.673267444248763,239.6054806117104
"(43, 927.36546778418)",63.58826756425735,22.720651307937153,0.27850044954665976,16.353003541483215,241.91869613045938
"(44, 927.36546778418)",63.42804371693899,22.985199739987472,0.2817431760096657,17.04749507158347,244.23139714362074
"(45, 927.36546778418)",63.26869190585899,23.251001961560032,0.2850012709117458,17.756800171156815,246.54353674700016
"(46, 927.36546778418)",63.110157598355975,23.51806455892181,0.28827481498468743,18.480982656327523,248.8551259923451
"(47, 927.36546778418)",62.952381861881655,23.78639908830754,0.2915639498800686,19.220112048832792,251.16622672070025
"(48, 927.36546778418)",62.795302061690776,24.05602149333063,0.294868871028194,19.97426357784322,253.47694493821092
"(49, 927.36546778418)",62.638852518924494,24.32695156049098,0.29818982096388125,20.74351817335483,255.7874246332958
"(50, 927.36546778418)",62.48296512099507,24.599212412664198,0.30152708311788246,21.52796244383838,258.09784204137605
"(51, 927.36546778418)",62.327569887694445,24.872830038375255,0.30488097604690106,22.327688638924588,260.40840033130723
"(52, 927.36546778418)",62.17259549468201,25.1478328551571,0.3082518480814373,23.142794597192527,262.71932469418755
"(53, 927.36546778418)",62.017969756059124,25.4242513053503,0.3116400723712528,23.973383679400538,265.030857815462
"(54, 927.36546778418)",61.86362006765322,25.702117482795646,0.3150460423094936,24.819564687669853,267.34325571222826
"(55, 927.36546778418)",61.70947381275403,25.981464788858332,0.3184701673164627,25.68145177132747,269.65678391741005
"(56, 927.36546778418)",61.55545873200673,26.2623276162852,0.32191286896436816,26.5591643202114,271.97171399267734
"(57, 927.36546778418)",61.401503259291125,26.54474105934633,0.325374577424418,27.452826846314967,274.28832035196035
"(58, 927.36546778418)",61.247536825388174,26.828740648767784,0.32885572821771997,28.36256885470398,276.6068773774291
"(59, 927.36546778418)",61.093490131261476,27.114362109963537,0.3323567592517822,29.288524704665456,278.9276568100977
"(60, 927.36546778418)",60.93929539280344,27.401641143088085,0.33587810812449653,30.230833462014296,281.25092539732486
"(61, 927.36546778418)",60.78488655885837,27.690613223473115,0.3394202096779634,31.18963874351809,283.5769427798909
"(62, 927.36546778418)",60.630199504295305,27.981313421052953,0.34298349378509696,32.165088554316895,285.90595960195196
"(63, 927.36546778418)",60.47517219987587,28.273776237422055,0.3465683833523267,33.157335119227675,288.23821582750986
"(64, 927.36546778418)",60.319744860593936,28.56803545922498,0.3501752925225132,34.16653470873087,290.57393924787175
"(65, 927.36546778418)",60.16386007406093,28.864124026655787,0.35380462506310156,35.192847460424524,292.9133441654251
"(66, 927.36546778418)",60.0074629104883,29.162073915884537,0.35745677292488276,36.23643719666035,295.25663023944696
"(67, 927.36546778418)",59.85050101570311,29.461916034301908,0.36113211495801834,37.29747123902831,297.6039814809046
"(68, 927.36546778418)",59.69292468850394,29.76368012757762,0.364831015772757,38.37612022031499,299.95556538396545
"(69, 927.36546778418)",59.5346869436562,30.06739469753713,0.36855382473281817,39.47255789451272,302.31153218248596
"(70, 927.36546778418)",59.375743561739526,30.37308693000463,0.3723008750709121,40.58696094538407,304.67201422121184
"(71, 927.36546778418)",59.2160531266543,30.68078263175189,0.37607248311589014,41.71950879409635,307.0371254314293
"(72, 927.36546778418)",59.05557705226933,30.990506175846466,0.37986894762284806,42.870383406352325,309.40696090259434
"(73, 927.36546778418)",58.89427959860186,31.302280454680538,0.38369054919736084,44.03976909942815,311.7815965413513
"(74, 927.36546778418)",58.732127878666226,31.61612684007674,0.3875375498064887,45.22785234952859,314.1610888107008
"(75, 927.36546778418)",58.56909185663282,31.93206514990387,0.39141019236956315,46.434821599759395,316.54547454253645
"(76, 927.36546778418)",58.40514433799471,32.250113620696965,0.39530870042256755,47.660867069106686,318.93477081742395
"(77, 927.36546778418)",58.24026095234915,32.57028888583118,0.39923327785061147,48.90618056269203,321.32897490625174
"(78, 927.36546778418)",58.07442012936029,32.89260595883734,0.4031841086834157,50.17095528360883,323.7280642687346
"(79, 927.36546778418)",57.90760306838195,33.2170782215103,0.4071613569495463,51.455385646631925,326.1319966045256
"(80, 927.36546778418)",57.739793702220716,33.543717416475324,0.411165166585299,52.75966709403059,328.5407099529055
"(81, 927.36546778418)",57.570978655422515,33.87253364394165,0.41519566139490877,54.08399591378231,330.95412283766933
"(82, 927.36546778418)",57.40114719747461,34.203535362381764,0.4192529450588718,55.4285690604151,333.3721344540007
"(83, 927.36546778418)",57.23029119125156,34.53672939291853,0.42333710118772133,56.793583978719916,335.79462489463003
"(84, 927.36546778418)",57.05840503701747,34.87212092722181,0.42744819341882284,58.17923843057767,338.22145541277166
"(85, 927.36546778418)",56.8854856122658,35.209713538741674,0.4315862655540634,59.585730325123954,340.65246871964735
"(86, 927.36546778418)",56.71153220768891,35.549509197107874,0.4357513417363622,61.01325755258506,343.0874893143406
"(87, 927.36546778418)",56.53654645948826,35.89150828557396,0.43994342666348174,62.46201782169082,345.52632384466403
"(88, 927.36546778418)",56.36053227829909,36.235709621357955,0.4441625058373662,63.93220850143812,347.9687614966246
"(89, 927.36546778418)",56.18349577494272,36.58211047876833,0.44840854584760326,65.42402646688454,350.41457441150203
"(90, 927.36546778418)",56.00544518322604,36.93070661500283,0.4526814946876573,66.9376679495293,352.8635181287318
"(91, 927.36546778418)",55.826390780014115,37.28149229850882,0.4569812821025039,68.47332839238726,355.3153320532156
"(92, 927.36546778418)",55.646344802777726,37.63446033980635,0.46130781996643194,70.03120231102965,357.76973994464083
"(93, 927.36546778418)",55.465321364841465,37.98960212466435,0.46566100268972965,71.61148315354366,360.2264504346678
"(94, 927.36546778418)",55.28333636853288,38.346907649533875,0.47004070765298145,73.21436318144082,362.68515754877336
"(95, 927.36546778418)",55.10040741645331,38.70636555912773,0.47444679566772185,74.84003333533596,365.1455412677662
"(96, 927.36546778418)",54.916553721081975,39.06796318604189,0.4788791114621348,76.48868312199833,367.6072680911568
"(97, 927.36546778418)",54.731796012919105,39.43168659231887,0.4833374841903171,78.16050050112004,370.0699916226621
"(98, 927.36546778418)",54.546156447413274,39.797520612803716,0.48782172796412515,79.8556717792894,372.53335316944856
"(99, 927.36546778418)",54.35965851074376,40.165448900200005,0.4923316424050459,81.57438151028722,374.99698235362183
"(100, 927.36546778418)",54.17232692549801,40.535453971835416,0.49686701321763477,83.31681240189566,377.4604977372046
"(101, 927.36546778418)",53.98418755407192,40.90751725748742,0.5014276127756986,85.08314522935848,379.9235074522819
"(102, 927.36546778418)",53.79526730398757,41.281619149037454,0.5060132007309406,86.87355875569001,382.38560984512895
"(103, 927.36546778418)",53.60559403137588,41.65773905090482,0.5106235246311577,88.68822965889832,384.84639412228205
"(104, 927.36546778418)",53.41519644522802,42.035855431661595,0.5152583205529162,90.52733246633197,387.30544100291416
"(105, 927.36546778418)",53.22410401183018,42.41594587650223,0.5199173137446973,92.39103949619762,389.76232337374796
"(106, 927.36546778418)",53.03234685971198,42.79798714043918,0.5246002192789523,94.27952080639368,392.2166069449153
"(107, 927.36546778418)",52.83995568531262,43.181955202071954,0.529306742711181,96.19294415072862,394.6678509049465
"(108, 927.36546778418)",52.646961659561946,43.56782531777498,0.5340365807441403,98.13147494260363,397.11560857305005
"(109, 927.36546778418)",52.45339633556707,43.95557207614723,0.5387894218952741,100.09527622622517,399.5594280468536
"(110, 927.36546778418)",52.25929155759254,44.34516945256485,0.5435649471653892,102.08450865538931,401.99885284372493
"(111, 927.36546778418)",52.06467937149772,44.73659086368427,0.5483628307067319,104.09933047987192,404.43342253393354
"(112, 927.36546778418)",51.86959193680702,45.12980922173444,0.5531827404884871,106.13989753945478,406.8626733637858
"(113, 927.36546778418)",51.67406144054711,45.52479698845411,0.5580243389579115,108.20636326558379,409.2861388670777
"(114, 927.36546778418)",51.478120013004634,45.921526228517145,0.5628872836952077,110.298878690661,411.70335046311175
"(115, 927.36546778418)",51.28179964551721,46.31996866230703,0.5677712280604034,112.41759246495067,414.1138380396836
"(116, 927.36546778418)",51.08513211041778,46.720095717896996,0.5726758218305049,114.56265088107533,416.5171305194606
"(117, 927.36546778418)",50.888148883230144,47.12187858209967,0.5776007118252519,116.73419790605269,418.9127564082474
"(118, 927.36546778418)",50.69088106718661,47.525288250466424,0.582545542519976,118.93237522083533,421.30024432379116
"(119, 927.36546778418)",50.49335932015541,47.93029557610491,0.5875099566439937,121.15732226728579,423.6791235037348
"(120, 927.36546778418)",50.295613784018926,48.336871317208654,0.5924935957632034,123.40917630251721,426.0489242915567
"(17, 927.6321608143868)",67.90355409614169,16.588317829843344,0.20333281428514283,3.4758652012427538,185.1421926785547
"(18, 927.6321608143868)",67.74786861987832,16.779876477254497,0.2056808618254826,3.7890796106699347,187.0071026826678
"(19, 927.6321608143868)",67.58806965369092,16.978281026422195,0.2081128236291492,4.117691002666312,188.93445727362476
"(20, 927.6321608143868)",67.42486447997359,17.18287994623463,0.21062071349428593,4.461550266942444,190.91699730402988
"(21, 927.6321608143868)",67.25889050194435,17.393078054749648,0.21319723592411882,4.820527462223258,192.9480851777217
"(22, 927.6321608143868)",67.09071654095179,17.608336178655343,0.21583578195274172,5.194509711808082,195.02170308207653
"(23, 927.6321608143868)",66.92084616798934,17.828168987939502,0.2185304026033996,5.5833993058415645,197.1324302647879
"(24, 927.6321608143868)",66.74972219311417,18.052141752446254,0.2212757691316708,5.987112018411922,199.27540783706525
"(25, 927.6321608143868)",66.57773169311001,18.279866551181335,0.22406712656069383,6.405575634509539,201.44629714445753
"(26, 927.6321608143868)",66.40521115850704,18.510998296674597,0.2269002449494215,6.83872867503687,203.64123583670863
"(27, 927.6321608143868)",66.23245149146163,18.74523081038154,0.2297713712865008,7.286519304796331,205.85679433498515
"(28, 927.6321608143868)",66.05970269545521,18.98229309307489,0.23267718377426047,7.748904407375737,208.0899343493477
"(29, 927.6321608143868)",65.88717817461018,19.221945869288383,0.23561474947191602,8.225848810868833,210.33797036150506
"(30, 927.6321608143868)",65.71505861285169,19.463978440332685,0.23858148572112028,8.71732464890258,212.598534480887
"(31, 927.6321608143868)",65.5434954371397,19.708205851128973,0.24157512541817455,9.22331084220048,214.8695447484673
"(32, 927.6321608143868)",65.37261388932595,19.954466358070967,0.24459368597611733,9.743792686580248,217.14917675700104
"(33, 927.6321608143868)",65.20251574320082,20.20261917424009,0.2476354416866409,10.278761534173327,219.43583833183044
"(34, 927.6321608143868)",65.03328170752961,20.452542463625917,0.2506988991333236,10.828214555210465,221.72814696162249
"(35, 927.6321608143868)",64.86497355632812,20.704131554507704,0.25378277529347393,11.39215456854095,224.0249096544163
"(36, 927.6321608143868)",64.69763602597781,20.957297342901587,0.256885977966755,11.970589929660585,226.3251048945573
"(37, 927.6321608143868)",64.53129851442063,21.211964859420906,0.2600075882090993,12.563534465972502,228.6278664125716
"(38, 927.6321608143868)",64.36597661242857,21.46807197612654,0.26314684448163933,13.171007449122081,230.93246850886842
"(39, 927.6321608143868)",64.2016734955283,21.725568232229005,0.26630312825665864,13.793033596761344,233.2383126995937
"(40, 927.6321608143868)",64.03838119704108,21.98441376123259,0.26947595086696124,14.429643094373485,235.5449154958573
"(41, 927.6321608143868)",63.876081768402265,22.244578312373363,0.27266494151105863,15.080871631091004,237.85189724114073
"(42, 927.6321608143868)",63.714748380353164,22.50604033193594,0.2758698359923275,15.746760442989535,240.1589716220837
"(43, 927.6321608143868)",63.55434630719161,22.768786133896498,0.27909046655307984,16.427356357749026,242.46593619357978
"(44, 927.6321608143868)",63.39483387700627,23.032809112537286,0.28232675222312664,17.122711840719326,244.77266337972762
"(45, 927.6321608143868)",63.23616333914905,23.298109017500455,0.2855786899336933,17.832885029713438,247.07909219602024
"(46, 927.6321608143868)",63.07828167644025,23.564691276669354,0.2888463462175498,18.557939760463366,249.38522052466283
"(47, 927.6321608143868)",62.9211313775737,23.83256636205947,0.29212984943637815,19.29794559071855,251.6910978803304
"(48, 927.6321608143868)",62.764651141606066,24.101749201648428,0.2954293825712226,20.05297780010165,253.9968187225017
"(49, 927.6321608143868)",62.608776542471155,24.372258629655416,0.29874517648423793,20.823117381731937,256.302516213217
"(50, 927.6321608143868)",62.45344064530772,24.644116875196925,0.30207750365083635,21.608451018204928,258.6083564268362
"(51, 927.6321608143868)",62.2985745780945,24.91734908707909,0.3054266723348035,22.40907104272834,260.9145329855531
"(52, 927.6321608143868)",62.144108060247206,25.19198289302561,0.3087930211854636,23.22507538548826,263.2212621011861
"(53, 927.6321608143868)",61.9899698898875,25.468047991684156,0.3121769142367031,24.056567505540727,265.52877800421965
"(54, 927.6321608143868)",61.83608839146295,25.745575775830126,0.3155787362883152,24.903656308773442,267.83732874142987
"(55, 927.6321608143868)",61.68239182543315,26.024598985212275,0.31899888865074894,25.766456052617176,270.147172323865
"(56, 927.6321608143868)",61.52880876183867,26.30515138746868,0.3224377852338995,26.645086238316228,272.45857320641113
"(57, 927.6321608143868)",61.37526841951034,26.587267485603288,0.325895848961474,27.539671491621306,274.77179908094985
"(58, 927.6321608143868)",61.221700972814055,26.8709822504655,0.32937350849183844,28.450341432833646,277.08711796446624
"(59, 927.6321608143868)",61.06803782775333,27.156330876739574,0.33287119522703734,29.37723053715428,279.40479556416994
"(60, 927.6321608143868)",60.914211869314116,27.44334856094008,0.3363893405915475,30.320477986279574,281.7250929015844
"(61, 927.6321608143868)",60.76015768185895,27.732070299971976,0.339928373563116,31.280227512162906,284.04826417831043
"(62, 927.6321608143868)",60.60581174441027,28.022530708820714,0.3434887184380719,32.25662723384285,286.3745548662303
"(63, 927.6321608143868)",60.45111260252114,28.314763856033217,0.3470707928147289,33.24982948821378,288.7042000060755
"(64, 927.6321608143868)",60.29600101847732,28.608803115651135,0.3506750057784365,34.259990655531816,291.0374226983168
"(65, 927.6321608143868)",60.140420101411806,28.90468103436604,0.35430175627322885,35.2872709804311,293.3744327716364
"(66, 927.6321608143868)",59.98431541886757,29.202429212714577,0.35795143164555054,36.33183438917864,295.7154256147867
"(67, 927.6321608143868)",59.827635091275425,29.502078199190787,0.3616244063463556,37.393848303814714,298.06058115847503
"(68, 927.6321608143868)",59.67032987066726,29.803657396255957,0.3653210407789811,38.47348345380417,300.4100629949628
"(69, 927.6321608143868)",59.51235320492785,30.107194977247506,0.3690416802806702,39.57091368577211,302.76401762355806
"(70, 927.6321608143868)",59.35366128881426,30.412717813325862,0.3727866542271205,40.686315771839155,305.12257381163033
"(71, 927.6321608143868)",59.19421310252975,30.72025140959998,0.376556275249521,41.81986921704238,307.48584206088776
"(72, 927.6321608143868)",59.03397043938301,31.029819849708982,0.38035083855527113,42.97175606628403,309.8539141703061
"(73, 927.6321608143868)",58.87289792289268,31.34144574814398,0.3841706213435484,44.142160711223944,312.22686288709747
"(74, 927.6321608143868)",58.710963014504806,31.655150209695627,0.3880158823082462,45.33126969749215,314.60474163840706
"(75, 927.6321608143868)",58.54813601255217,31.970952795463422,0.3918868612213209,46.53927153256111,316.9875843369405
"(76, 927.6321608143868)",58.38439004316972,32.288871494910154,0.3957837785902465,47.76635649462601,319.3754052543271
"(77, 927.6321608143868)",58.21970104377208,32.608922703512384,0.39970683538406937,49.012716442796815,321.76819895680785
"(78, 927.6321608143868)",58.05404773965404,32.93112120559485,0.4036562128229922,50.27854462887188,324.16594029827235
"(79, 927.6321608143868)",57.88741161422516,33.255480161983385,0.4076320722270381,51.5640355110056,326.56858446620794
"(80, 927.6321608143868)",57.719776873323575,33.582011102158354,0.41163455491985873,52.86938456951017,328.97606707666677
"(81, 927.6321608143868)",57.551130404029976,33.91072392061792,0.4156637821841655,54.19478812504215,331.3883043147359
"(82, 927.6321608143868)",57.38146172834348,34.24162687720371,0.41971985526571554,55.540443159455535,333.80519311738186
"(83, 927.6321608143868)",57.21076295208878,34.57472660115057,0.4238028554229643,56.9065471395242,336.22661139578736
"(84, 927.6321608143868)",57.03902870932317,34.91002809868304,0.4279128440201595,58.293297843798825,338.6524182948514
"(85, 927.6321608143868)",56.86625610258664,35.247534763953986,0.4320498626614388,59.70089319280638,341.08245448738313
"(86, 927.6321608143868)",56.69244463921005,35.58724839319305,0.43621393336425207,61.129531082923016,343.51654250110107
"(87, 927.6321608143868)",56.5175961639807,35.9291692018992,0.44040505877009567,62.57940922386072,345.95448707663013
"(88, 927.6321608143868)",56.3417147883739,36.27329584496102,0.44462322239114505,64.05072498048203,348.39607555447145
"(89, 927.6321608143868)",56.16480681659929,36.61962543957497,0.4488683888911748,65.54367521868126,350.84107828971173
"(90, 927.6321608143868)",55.986880668673074,36.96815359085377,0.4531405043994521,67.05845615583392,353.28924909275094
"(91, 927.6321608143868)",55.807946800744965,37.31887442001103,0.4574394968562194,68.59526321597974,355.7403256946009
"(92, 927.6321608143868)",55.6280176228873,37.671780595020536,0.4617652763885004,70.15429089095895,358.1940302343582
"(93, 927.6321608143868)",55.447107414562346,38.02686336364531,0.46611773571495124,71.7357326004624,360.6500697747071
"(94, 927.6321608143868)",55.26523223798211,38.38411258873154,0.4704967505784879,73.33978057309064,363.10813682217963
"(95, 927.6321608143868)",55.08240984957347,38.743516785662976,0.4749021802053855,74.96662571212349,365.5679098872616
"(96, 927.6321608143868)",54.89865960976791,39.105063161865736,0.4793338677895015,76.61645748271361,368.0290540463792
"(97, 927.6321608143868)",54.71400239132301,39.46873765825617,0.4837916410003423,78.28946379879584,370.49122152628973
"(98, 927.6321608143868)",54.52846048640569,39.83452499251182,0.4882753125134521,79.98583091718984,372.9540523019837
"(99, 927.6321608143868)",54.34205751253822,40.20240870402077,0.49278468056138,81.70574333805159,375.4171747073287
"(100, 927.6321608143868)",54.15481831842627,40.57237120056575,0.49731952950592534,83.449383711829,377.8802060589467
"(101, 927.6321608143868)",53.9667688874979,40.94439380606952,0.5018796304233725,85.21693275289503,380.34275328546374
"(102, 927.6321608143868)",53.77793624335861,41.31845681017413,0.5064647417122169,87.0085691599888,382.80441357081526
"(103, 927.6321608143868)",53.588348353410545,41.694539518601005,0.511074609710454,88.82446954363606,385.26477499944184
"(104, 927.6321608143868)",53.398034033227624,42.07262030470058,0.5157089693274647,90.66480836064058,387.72341720795583
"(105, 927.6321608143868)",53.207022851118886,42.4526766618553,0.5203675446863367,92.52975785578451,390.179912039279
"(106, 927.6321608143868)",53.01534503319538,42.83468525661483,0.5250500497751779,94.4194880108336,392.63382419781607
"(107, 927.6321608143868)",52.82303136915908,43.21862198240325,0.5297561891054451,96.33416650093022,395.0847119037487
"(108, 927.6321608143868)",52.630113118996285,43.6044620136501,0.5344856583754769,98.27395865845556,397.53212754468825
"(109, 927.6321608143868)",52.436621920782564,43.992179860184855,0.5392381451371047,100.23902744441692,399.9756183226574
"(110, 927.6321608143868)",52.24258969977857,44.381749421724905,0.5440133294638289,102.22953342741064,402.4147268949498
"(111, 927.6321608143868)",52.048048578978566,44.7731440423306,0.5488108846180121,104.24563477019234,404.84899200646936
"(112, 927.6321608143868)",51.85303079129143,45.16633656463829,0.5536304777158043,106.28748722388141,407.2779491123313
"(113, 927.6321608143868)",51.65756859349044,45.5612993837416,0.5584717703875544,108.35524412979179,409.7011309886513
"(114, 927.6321608143868)",51.4616941820826,45.95800450055948,0.5633344194319787,110.44905642889908,412.1180683299054
"(115, 927.6321608143868)",51.2654396112107,46.356423574553624,0.5682180774623526,112.56907267892143,414.5282903312774
"(116, 927.6321608143868)",51.068836712706684,46.75652797564998,0.5731223935429395,114.71543907898544,416.9313252543648
"(117, 927.6321608143868)",50.871917018394036,47.15828883523179,0.5780470138140451,116.88829950182586,419.32670097480053
"(118, 927.6321608143868)",50.67471168471915,47.561677096076494,0.5829915821041213,119.08779553349414,421.7139455103499
"(119, 927.6321608143868)",50.47725141978657,47.96666356111285,0.5879557405274105,121.31406652048919,424.09258752817556
"(120, 927.6321608143868)",50.279566412840786,48.37321894089086,0.5929391300658199,123.56724962425507,426.4621568301042
"(17, 927.8888691570412)",67.8361558214246,16.660998153571853,0.20422369996254872,3.5281768813007965,185.96872113201542
"(18, 927.8888691570412)",67.68265503037517,16.850876827258116,0.2065511550721858,3.8419914011947163,187.81452630181641
"(19, 927.8888691570412)",67.5249746383343,17.04765497478683,0.20896318110986092,4.1712245303595905,189.72338528512728
"(20, 927.8888691570412)",67.36381472066489,17.2506863748056,0.21145185695858443,4.515725116679487,191.68809931777784
"(21, 927.8888691570412)",67.19980819039432,17.459379047013496,0.21400992636598337,4.875361351035124,193.70206721307883
"(22, 927.8888691570412)",67.03352154379583,17.67319535203938,0.21663079916857222,5.2500186624987295,195.75928860261382
"(23, 927.8888691570412)",66.86545770887072,17.891650208354072,0.21930852943539897,5.639597814384488,197.85434555992154
"(24, 927.8888691570412)",66.69606012660607,18.114308169423563,0.222037779640975,6.044013211652279,199.98237104955234
"(25, 927.8888691570412)",66.52571744282164,18.34077989500475,0.22481377741186337,6.4631914163587165,202.13901027725797
"(26, 927.8888691570412)",66.3547683847931,18.57071838511457,0.2276322693642182,6.897069860476455,204.320379143539
"(27, 927.8888691570412)",66.18350654530303,18.803815220139885,0.23048947501658318,7.345595741800093,206.52302258393738
"(28, 927.8888691570412)",66.01218490604862,19.03979695849787,0.2333820426338906,7.808725087295502,208.7438745338256
"(29, 927.8888691570412)",65.84102000967805,19.278421777822892,0.2363070080565058,8.286421968093405,210.98022051134163
"(30, 927.8888691570412)",65.67019574309768,19.519476400274197,0.2392617570119011,8.778657850741721,213.22966329555797
"(31, 927.8888691570412)",65.49986672995453,19.762773312253284,0.24224399103508634,9.285411069913684,215.490091831721
"(32, 927.8888691570412)",65.33016135140453,20.008148270017365,0.2452516968934542,9.806666408519572,217.7596532807931
"(33, 927.8888691570412)",65.16118442746846,20.255458070879733,0.2482831192670452,10.342414771860119,220.03672799562122
"(34, 927.8888691570412)",64.99301959605816,20.504578564483904,0.2513367363715778,10.892652943131033,222.31990714631362
"(35, 927.8888691570412)",64.8257314284342,20.755402876367242,0.2544112381836088,11.457383408326988,224.60797269070443
"(36, 927.8888691570412)",64.6593673180391,21.007839816570037,0.2575055069339125,12.036614239273565,226.89987939134514
"(37, 927.8888691570412)",64.4939591765789,21.26181244787304,0.26061859955752287,12.630359024357892,229.1947386003638
"(38, 927.8888691570412)",64.3295249657739,21.51725679133136,0.2637497318267129,13.238636836804659,231.4918035683569
"(39, 927.8888691570412)",64.16607009235344,21.77412064877265,0.2668982639176388,13.861472232740569,233.79045605377485
"(40, 927.8888691570412)",64.00358868595958,22.03236252544117,0.27006368720454715,14.498895269631724,236.09019405097644
"(41, 927.8888691570412)",63.84206476542849,22.291950646155957,0.273245612200283,15.150941539011253,238.39062056763274
"(42, 927.8888691570412)",63.68147334681042,22.55286203078577,0.2764437572237835,15.817652206881231,240.69143306901887
"(43, 927.8888691570412)",63.52178143454159,22.81508165898181,0.27965793816177115,16.499074055744593,242.992413935971
"(44, 927.8888691570412)",63.362948978929545,23.078601676749184,0.2828880587431752,17.19525952820641,245.29342139702902
"(45, 927.8888691570412)",63.204929750656774,23.34342066562185,0.28613410158102964,17.906266759453153,247.59438118383437
"(46, 927.8888691570412)",63.04767215980924,23.609542959873547,0.28939611980308644,18.63215960055142,249.89527874197006
"(47, 927.8888691570412)",62.89112003490919,23.87697800698625,0.2926742292127143,19.373007640595066,252.19615193499908
"(48, 927.8888691570412)",62.735213333572936,24.145739774379933,0.29596860101683475,20.12888620465955,254.49708429884276
"(49, 927.8888691570412)",62.5798888128551,24.415846194916778,0.29927945502913317,20.899876343710254,256.7981987452077
"(50, 927.8888691570412)",62.42508065105495,24.687318651086112,0.3026070533474227,21.68606480895286,259.09965172053165
"(51, 927.8888691570412)",62.2707210243896,24.960181495682775,0.3059516944782944,22.48754401147365,261.40162779467147
"(52, 927.8888691570412)",62.11674064029016,25.23446160721435,0.30931370788750595,23.304411967210932,263.7043346592983
"(53, 927.8888691570412)",61.96306922899692,25.510187978397646,0.3126934489559124,24.13677222755848,266.007998516958
"(54, 927.8888691570412)",61.80963599516263,25.7873913361347,0.3160912943213167,24.984733796134197,268.31285984205783
"(55, 927.8888691570412)",61.65637003123103,26.066103791383824,0.3195076375867064,25.848411032398737,270.61916949496805
"(56, 927.8888691570412)",61.503200694353794,26.346358517371478,0.32294288537592164,26.72792354291465,272.92718517086126
"(57, 927.8888691570412)",61.3500579487305,26.62818945456208,0.3263974537172924,27.62339606111092,275.2371681643652
"(58, 927.8888691570412)",61.196872675184935,26.911631040864957,0.32987176473662566,28.53495831648894,277.5493804318162
"(59, 927.8888691570412)",61.04357694990883,27.196717965520687,0.3333662436404379,29.462744894200313,279.8640819324563
"(60, 927.8888691570412)",60.89010429420385,27.483484945184802,0.33688131597129606,30.406895085934696,282.1815282308071
"(61, 927.8888691570412)",60.736389897112865,27.771966520718628,0.3404174051169464,31.367552733046683,284.5019683422911
"(62, 927.8888691570412)",60.58237081272752,28.06219687327359,0.34397493005596136,32.34486606281454,286.8256428051838
"(63, 927.8888691570412)",60.427986133962534,28.354209658277497,0.3475543033228069,33.338987518681286,289.15278196218134
"(64, 927.8888691570412)",60.27317714449288,28.64803785600465,0.3511559291761955,34.35007358529946,291.48360443579065
"(65, 927.8888691570412)",60.11788745046723,28.94371363747793,0.35478020195536575,35.37828460912169,293.8183157825493
"(66, 927.8888691570412)",59.96206309356583,29.241268244500585,0.35842750460956047,36.423784615286245,296.157107311659
"(67, 927.8888691570412)",59.805652646840166,29.54073188270718,0.36209820738709314,37.486741121418156,298.5001550547835
"(68, 927.8888691570412)",59.64860729471688,29.8421336265778,0.3657926666710486,38.5673249489819,300.8476188743559
"(69, 927.8888691570412)",59.49088089840976,30.14550133544603,0.3695112239497406,39.66571003276337,303.19964169879563
"(70, 927.8888691570412)",59.33243004804492,30.45086157959899,0.3732542049108787,40.78207322895853,305.5563488739072
"(71, 927.8888691570412)",59.17321410224384,30.75823957562319,0.3770219186490668,41.91659412240567,307.9178476202949
"(72, 927.8888691570412)",59.01319521672625,31.067659130267383,0.38081465697769246,43.06945483335513,310.28422658810246
"(73, 927.8888691570412)",58.852338362295555,31.379142592091508,0.3846326938362593,44.24083982420772,312.6555555003454
"(74, 927.8888691570412)",58.69061133336364,31.692710810298067,0.38847628478576474,45.43093570659633,315.03188487759564
"(75, 927.8888691570412)",58.52798474767355,32.00838310016368,0.39234566658496933,46.6399310491609,317.4132458370318
"(76, 927.8888691570412)",58.364432037911094,32.32617721456389,0.39624105684135863,47.86801618633184,319.7996499597873
"(77, 927.8888691570412)",58.1999294358471,32.64610932112444,0.4001626537310744,49.115383028444604,322.1910892209627
"(78, 927.8888691570412)",58.03445594954088,32.96819398459993,0.40411063578292095,50.382224873477305,324.58753597747017
"(79, 927.8888691570412)",57.86799333414379,33.29244415409994,0.40808516172178716,51.66873622066437,326.988943009133
"(80, 927.8888691570412)",57.70052605674493,33.61887115484574,0.4120863703676032,52.97511258626942,329.39524360915556
"(81, 927.8888691570412)",57.532041255667416,33.94748468417155,0.41611438058632333,54.30155032177819,331.80635172044805
"(82, 927.8888691570412)",57.36252869461471,34.27829281150435,0.42016929128968356,55.64824643473337,334.2221621145665
"(83, 927.8888691570412)",57.19198071198988,34.61130198210563,0.424251181481064,57.015398412479264,336.64255061052387
"(84, 927.8888691570412)",57.02039216571056,34.94651702437096,0.4283601103449587,58.403204049039886,339.0673743309292
"(85, 927.8888691570412)",56.8477603738155,35.283941160503794,0.4324961173778604,59.81186127535019,341.49647199320367
"(86, 927.8888691570412)",56.67408505112722,35.62357602041441,0.43665922255842854,61.241567993178904,343.9296642335541
"(87, 927.8888691570412)",56.49936824223093,35.965421658675204,0.44084942655570325,62.69252191266066,346.3667539626409
"(88, 927.8888691570412)",56.32361425100828,36.30947657443589,0.44506671097283673,64.1649203941819,348.8075267498473
"(89, 927.8888691570412)",56.14682956695129,36.65573773414541,0.44931103862580246,65.65896029432625,351.2517512359453
"(90, 927.8888691570412)",55.969022788510244,37.00420059697202,0.4535823538549397,67.17483781641329,353.6991795716357
"(91, 927.8888691570412)",55.79020454364257,37.35485914283049,0.457880582868509,68.71274836576,356.14954788106775
"(92, 927.8888691570412)",55.610387407843874,37.707705902879844,0.46220563411650994,70.27288641092481,358.60257674745674
"(93, 927.8888691570412)",55.42958581981632,38.06273199241542,0.4665573986938728,71.85544534383749,361.05797172707094
"(94, 927.8888691570412)",55.247815995033484,38.41992714602931,0.47093575077142047,73.46061736101123,363.51542386790425
"(95, 927.8888691570412)",55.065095837384355,38.77927975494742,0.4753405480535531,75.08859332938826,365.9746102685113
"(96, 927.8888691570412)",54.88144484914555,39.140776906419816,0.4797716322610614,76.73956267368108,368.435194638663
"(97, 927.8888691570412)",54.69688403946343,39.50440442506854,0.48422882963796143,78.41371326339954,370.89682788260603
"(98, 927.8888691570412)",54.5114358315975,39.87014691606159,0.488711951480701,80.11123130709969,373.3591486958587
"(99, 927.8888691570412)",54.32512396901054,40.23798780997662,0.49322079468807806,81.83230125297001,375.82178417488797
"(100, 927.8888691570412)",54.13797342134487,40.60790940940029,0.4977551423324403,83.57710569594035,378.28435044000975
"(101, 927.8888691570412)",53.95001028809164,40.979892936599235,0.5023147642440113,85.3458252914515,380.7464532638099
"(102, 927.8888691570412)",53.76126170417983,41.35391858302614,0.5068994176177236,87.13863867607037,383.207688713602
"(103, 927.8888691570412)",53.57175574372248,41.72996555961171,0.5115088476296689,88.95572239505613,385.66764379585857
"(104, 927.8888691570412)",53.38152132450939,42.10801214825119,0.5161427880682299,90.79725083701742,388.12589710717475
"(105, 927.8888691570412)",53.19058811269409,42.48803575414644,0.5208009619755588,92.66339617577736,390.5820194876232
"(106, 927.8888691570412)",52.99898642797462,42.87001295887952,0.5254830822982707,94.5543283195463,393.0355746753525
"(107, 927.8888691570412)",52.80674714949539,43.253919574063595,0.5301888525450649,96.47021486748397,395.48611996022555
"(108, 927.8888691570412)",52.61390162265455,43.63973069542062,0.5349179674494645,98.41122107373094,397.93320683473564
"(109, 927.8888691570412)",52.42048156701938,44.027420757115124,0.5396701136359157,100.3775098189668,400.3763816405149
"(110, 927.8888691570412)",52.22651898552573,44.41696358619863,0.5444449702871218,102.36924158954515,402.8151862084112
"(111, 927.8888691570412)",52.0320460751416,44.8083324569995,0.5492422098107558,104.38657446423815,405.2491584903784
"(112, 927.8888691570412)",51.83709513914934,45.201500145312195,0.554061498503573,106.42966410860352,407.6778331813325
"(113, 927.8888691570412)",51.64169850121187,45.596438982213016,0.5589024972112939,108.49866377699102,410.1007423294429
"(114, 927.8888691570412)",51.44588842133256,45.99312090738749,0.5637648619820401,110.59372432218076,412.51741593280985
"(115, 927.8888691570412)",51.249697013879334,46.39151752178195,0.568648244711829,112.71499421262011,414.9273825211753
"(116, 927.8888691570412)",51.05315616773144,46.79160013947592,0.5735522937803808,114.8626195572577,417.33016972104684
"(117, 927.8888691570412)",50.85629746869341,47.193339838615444,0.5784766546754412,117.0367441379095,419.7253048026339
"(118, 927.8888691570412)",50.65915212422882,47.596707511293225,0.5834209706042083,119.23750944911252,422.11231520732974
"(119, 927.8888691570412)",50.46175089059718,48.00167391225108,0.5883848830902105,121.46505474541816,424.49072905425516
"(120, 927.8888691570412)",50.264124002448455,48.4082097062811,0.5933680325545322,123.71951709603489,426.86007562492836
"(17, 928.1346190294705)",67.77219717080753,16.73021743882965,0.20507216164616357,3.578469171245705,186.75610345176634
"(18, 928.1346190294705)",67.62073889947828,16.91852228413506,0.20738032541130472,3.8928532842040524,188.58400603562487
"(19, 928.1346190294705)",67.46504203288795,17.11377468054373,0.2097736494158801,4.222676862903498,190.4755093201261
"(20, 928.1346190294705)",67.30579953400488,17.315333670776923,0.21224427706776006,4.567786816505164,192.4234744209657
"(21, 928.1346190294705)",67.14363975043764,17.522610556232728,0.2147849923402971,4.928049557558284,194.4213374814511
"(22, 928.1346190294705)",66.97912665865508,17.735069398841677,0.21738922592386947,5.3033488981074886,196.4631174858546
"(23, 928.1346190294705)",66.81276226930753,17.952225590058195,0.22005103768515932,5.693584140919142,198.54340188803587
"(24, 928.1346190294705)",66.64499033069275,18.173643225808767,0.2227650844903475,6.098668378505627,200.65731844801087
"(25, 928.1346190294705)",66.47620070753717,18.398931822863386,0.22552657995573153,6.518526998342574,202.80049936988974
"(26, 928.1346190294705)",66.30673400359811,18.627742750341344,0.2283312507065898,6.953096384634397,204.96904200244884
"(27, 928.1346190294705)",66.13688614354557,18.85976562604908,0.23117529220495708,7.402322803119134,207.15946895655523
"(28, 928.1346190294705)",65.96691273791994,19.09472483578001,0.2340553260846342,7.866161453760706,209.36868945361974
"(29, 928.1346190294705)",65.79703313302895,19.33237626763604,0.2369683601218319,8.344575675768338,211.59396296794648
"(30, 928.1346190294705)",65.62743410152963,19.57250430750606,0.2399117514069745,8.837536289680159,213.83286570312512
"(31, 928.1346190294705)",65.45827316579435,19.81491911063619,0.24288317290072914,9.345021061784484,216.08326008710276
"(32, 928.1346190294705)",65.289681568227,20.059454144689077,0.24588058331793175,9.867014276761036,218.34326724777154
"(33, 928.1346190294705)",65.1217669168464,20.305963987145912,0.24890220012851644,10.403506405180321,220.6112422866973
"(34, 928.1346190294705)",64.95461553972376,20.554322354183782,0.25194647539735965,10.954493853026117,222.88575210572014
"(35, 928.1346190294705)",64.78829458473867,20.804420335176314,0.25501207414244526,11.51997878127327,225.16555550084027
"(36, 928.1346190294705)",64.62285389914037,21.05616480732627,0.25809785490261655,12.099968984124475,227.44958524823912
"(37, 928.1346190294705)",64.45832772131885,21.309477006228434,0.26120285221602,12.694477815442687,229.73693191548412
"(38, 928.1346190294705)",64.29473621188498,21.56429123102162,0.2643262607483706,13.303524153128114,232.02682916604536
"(39, 928.1346190294705)",64.13208685055262,21.82055366461744,0.2674674208318178,13.92713239361629,234.318640342918
"(40, 928.1346190294705)",63.970375717811294,22.0782212927157,0.2706258052146573,14.565332467087053,236.61184615536257
"(41, 928.1346190294705)",63.80958866604426,22.337260915555532,0.27380100694780707,15.218159867191035,238.9060334061973
"(42, 928.1346190294705)",63.649702433416266,22.59764821830683,0.27699272799002683,15.885655688702052,241.20088437825524
"(43, 928.1346190294705)",63.49068564100918,22.859366930636988,0.2802007689062353,16.567866666975966,243.49616723357744
"(44, 928.1346190294705)",63.33249975668617,23.122408027911426,0.2834250190761477,17.26484521920074,245.79172688446002
"(45, 928.1346190294705)",63.175099975846216,23.38676899510015,0.2866654476715615,17.976649474641874,248.08747658891545
"(46, 928.1346190294705)",63.01843604654741,23.652453138879853,0.28992209522436896,18.70334329584919,250.38339010344635
"(47, 928.1346190294705)",62.862453054494665,23.919468943196264,0.2931950657272912,19.444996298926014,252.67949433119398
"(48, 928.1346190294705)",62.7070921392885,24.18782947134321,0.29648451930485736,20.201683849660295,254.97586252348918
"(49, 928.1346190294705)",62.552291170059114,24.45755180710838,0.2997906653631411,20.973487051751185,257.27260793365923
"(50, 928.1346190294705)",62.39798537222964,24.7286565348818,0.3031137562171778,21.760492719611527,259.5698779296106
"(51, 928.1346190294705)",62.24410790881458,25.001167256542768,0.3064540811691465,22.56279333655318,261.8678485393991
"(52, 928.1346190294705)",62.09059041800711,25.275110143358614,0.30981196101573355,23.380486998410376,264.16671940970065
"(53, 928.1346190294705)",61.937363508737384,25.55051352124647,0.3131877429644504,24.213677342905896,266.466709158104
"(54, 928.1346190294705)",61.78435721594653,25.82740748776605,0.3165817959388707,25.06247346526479,268.7680511001245
"(55, 928.1346190294705)",61.631501417336025,26.10582355925294,0.3199945062533435,25.926989820782342,271.07098933218816
"(56, 928.1346190294705)",61.478726213402624,26.38579434651043,0.32342627363775234,26.807346115098255,273.3757751517983
"(57, 928.1346190294705)",61.325962272639025,26.66735325747066,0.3268775075928697,27.703667183074135,275.6826637959369
"(58, 928.1346190294705)",61.17314114375277,26.9505342252787,0.3303486240573013,28.616082857191408,277.9919114791417
"(59, 928.1346190294705)",61.02019553683302,27.235371460235474,0.3338400423669229,29.544727826372256,280.303772712634
"(60, 928.1346190294705)",60.867059575325456,27.521899224097403,0.3373521824883313,30.48974148619482,282.618497886373
"(61, 928.1346190294705)",60.71366902072943,27.810151625224194,0.3408854625078476,31.45126778141252,284.9363310959935
"(62, 928.1346190294705)",60.55996147179631,28.10016243316091,0.3444402963587402,32.429455041643564,287.25750819767364
"(63, 928.1346190294705)",60.40587654006528,28.391964911234197,0.3480170917692577,33.424455811121895,289.58225507388244
"(64, 928.1346190294705)",60.251356003409526,28.685591665852193,0.35161624841541256,34.43642667327968,291.91078609433094
"(65, 928.1346190294705)",60.09634393926019,28.981074511224183,0.355238156262783,35.465528070943975,294.2433027567456
"(66, 928.1346190294705)",59.940786839025314,29.278444348322637,0.3588831940828277,36.51192412284812,296.5799924932967
"(67, 928.1346190294705)",59.78463370523318,29.577731056921944,0.36255172812961173,37.575782437112196,298.9210276289411
"(68, 928.1346190294705)",59.62783613271495,29.878963399695042,0.3662441109642099,38.6572739223135,301.26656447924057
"(69, 928.1346190294705)",59.47034837511366,30.182168937369745,0.36996068041474917,39.7565725967062,303.61674257592074
"(70, 928.1346190294705)",59.312127398047295,30.487373954032673,0.3737017586608131,40.87385539609643,305.9716840092005
"(71, 928.1346190294705)",59.1531329196207,30.79460339175167,0.3774676514320653,42.00930198086572,308.33149287698313
"(72, 928.1346190294705)",58.993327439929416,31.10388079375459,0.3812586473117636,43.16309454257856,310.6962548318164
"(73, 928.1346190294705)",58.832676259855155,31.415228255453837,0.38507501713643244,44.33541761057587,313.06603671711366
"(74, 928.1346190294705)",58.67114749036038,31.72866638269129,0.3889170134840932,45.5264578589341,315.44088628520416
"(75, 928.1346190294705)",58.50871205291253,32.04421425663843,0.3927848702438236,46.7364039141157,317.82083199017546
"(76, 928.1346190294705)",58.34534367176839,32.36188940480347,0.3966788022607669,47.965446163689265,320.2058828496743
"(77, 928.1346190294705)",58.181018858718964,32.68170777773327,0.40059900505016,49.21377656636796,322.59602836944725
"(78, 928.1346190294705)",58.01571689087876,33.00368373094807,0.40454565457610114,50.48158846368639,324.991238526331
"(79, 928.1346190294705)",57.84941978201446,33.327830011771674,0.4085189070900691,51.76907639358096,327.391463804796
"(80, 928.1346190294705)",57.682112247881776,33.65415775071835,0.41251889902535505,53.07643590613728,329.79663528321726
"(81, 928.1346190294705)",57.513781665998955,33.98267645714132,0.41654574694372154,54.403863381770215,332.206664766187
"(82, 928.1346190294705)",57.344418030208736,34.31339401889979,0.4205995475313188,55.75155585205487,334.6214449598933
"(83, 928.1346190294705)",57.174013900408255,34.646316705799066,0.4246803776408557,57.11971082348688,337.0408496875004
"(84, 928.1346190294705)",57.00256434773123,34.98144917661785,0.4287882943777374,58.50852610438063,339.46473414219713
"(85, 928.1346190294705)",56.83006689550373,35.318794489528145,0.4329233352277827,59.91819963512738,341.89293517547844
"(86, 928.1346190294705)",56.656521456231125,35.65835411575251,0.4370855182246709,61.348929322166434,344.3252716185872
"(87, 928.1346190294705)",56.481930264876574,36.00012795631651,0.4412748421551166,62.800912875568514,346.76154463536034
"(88, 928.1346190294705)",56.30629780867209,36.344114361746335,0.44549128680067,64.27434765097203,349.20153810471646
"(89, 928.1346190294705)",56.12963075370456,36.690310154616704,0.44973481321362974,65.76943049560654,351.6450190307158
"(90, 928.1346190294705)",55.95193786849389,37.0387106547943,0.4540053640269261,67.2863575989057,354.0917379795614
"(91, 928.1346190294705)",55.77322994478108,37.389309707310154,0.4583028637954383,68.82532434784564,356.5414295410488
"(92, 928.1346190294705)",55.59351971576363,37.74209971271257,0.46262721936819395,70.38652518829375,358.99381281266824
"(93, 928.1346190294705)",55.41282177197197,38.097071659821935,0.4669783202898426,71.97015348521752,361.4485919120176
"(94, 928.1346190294705)",55.23115247501036,38.454215160772854,0.47135603923017677,73.57640140403284,363.90545649410745
"(95, 928.1346190294705)",55.04852986939019,38.813518488231395,0.4757602324403366,75.20545977652948,366.3640823088547
"(96, 928.1346190294705)",54.86497359265262,39.17496861468743,0.48019074023443076,76.8575179883496,368.8241317606132
"(97, 928.1346190294705)",54.68050478401901,39.538551253699936,0.48464738749510866,78.53276386613618,371.28525449026466
"(98, 928.1346190294705)",54.49514599177714,39.9042509029837,0.48912998420170073,80.23138357190896,373.74708797102744
"(99, 928.1346190294705)",54.308921079513475,40.27205088918911,0.49363832597910684,81.95356150379008,376.2092581171738
"(100, 928.1346190294705)",54.12185513222262,40.6419334144249,0.49817219466805635,83.69948020324462,378.6713799060671
"(101, 928.1346190294705)",53.93397436010419,41.01387960385642,0.5027313589085504,85.46932026900411,381.13305800575125
"(102, 928.1346190294705)",53.74530600428143,41.387869555141336,0.5073155747458363,87.26326027782724,383.59388741661644
"(103, 928.1346190294705)",53.5558782406589,41.763882388662694,0.5119245862460676,89.08147671220989,386.05345411510336
"(104, 928.1346190294705)",53.365720084536584,42.14189629895026,0.5165581261267077,90.92414389520988,388.51133570397917
"(105, 928.1346190294705)",53.17486129540663,42.521888606962676,0.5212159163973916,92.79143393245971,390.9671020651298
"(106, 928.1346190294705)",52.98333228224677,42.9038358131105,0.5258976690097432,94.68351666150606,393.4203160133385
"(107, 928.1346190294705)",52.79116400952815,43.28771365085116,0.5306030865144098,96.60055960852709,395.87053394938584
"(108, 928.1346190294705)",52.59838790412768,43.67349714071197,0.5353318627232323,98.54272795253023,398.3173065104338
"(109, 928.1346190294705)",52.40503576335153,44.061160644572844,0.5400836833746216,100.51018449707462,400.760179215863
"(110, 928.1346190294705)",52.21113966423518,44.45067792006008,0.5448582268002978,102.50308964956926,403.1986931067981
"(111, 928.1346190294705)",52.01673187431098,44.84202217488553,0.5496551645913503,104.5216014081795,405.63238537739437
"(112, 928.1346190294705)",51.8218447639959,45.235166120979805,0.5544741622617887,106.56587535635916,408.0607899961709
"(113, 928.1346190294705)",51.62651072074884,45.63008202826798,0.5593148799076981,108.63606466501942,410.483438315626
"(114, 928.1346190294705)",51.43076206514682,46.02674177793193,0.5641769728601076,110.73232010232434,412.8998596683916
"(115, 928.1346190294705)",51.23463096899472,46.42511691501992,0.5690600923298585,112.85479005109337,415.30958194835523
"(116, 928.1346190294705)",51.03814937558376,46.825178700259436,0.5739638860427237,115.0036205337825,417.71213217515543
"(117, 928.1346190294705)",50.84134892219783,47.22689816094274,0.5788879988630496,117.17895524500959,420.10703704047955
"(118, 928.1346190294705)",50.644260864953246,47.63024614074517,0.5838320734045852,119.38093559155612,422.49382343499445
"(119, 928.1346190294705)",50.446916006032296,48.03519334837521,0.5887957506266485,121.60970073980947,424.87201895422606
"(120, 928.1346190294705)",50.249344623371606,48.44171040492443,0.5937786704145931,123.8653876705482,427.2411523825256
"(17, 928.3684782182328)",67.71183350651259,16.79576873092641,0.20587566257005446,3.626521207145377,187.50195435518648
"(18, 928.3684782182328)",67.56227600626268,16.982606152156194,0.20816583925114476,3.9414429952549854,189.31316040735155
"(19, 928.3684782182328)",67.40842745707226,17.176434114426716,0.2105417031247387,4.271824226850454,191.18845630453814
"(20, 928.3684782182328)",67.2509738868487,17.376616814217435,0.21299546077136516,4.617509981113334,193.12076180259024
"(21, 928.3684782182328)",67.09053908157755,17.58256885395507,0.21551993662703614,4.978364987754159,195.10355060437735
"(22, 928.3684782182328)",66.9276843760312,17.793756109057814,0.21810858361111568,5.354271525076632,197.130862328309
"(23, 928.3684782182328)",66.76291065435436,18.00969461969116,0.22075546954192593,5.745127507577621,199.1972918094116
"(24, 928.3684782182328)",66.5966617058684,18.22994824072424,0.2234552483308615,6.150844777839679,201.2979640649595
"(25, 928.3684782182328)",66.4293283135468,18.454125586083872,0.22620312252754124,6.5713476026656705,203.42850102644022
"(26, 928.3684782182328)",66.26125263963009,18.68187664513305,0.2289948018447515,7.0065713648699015,205.5849843436278
"(27, 928.3684782182328)",66.09273261754822,18.912889326232538,0.2318264607908464,7.4564614379819565,207.7639171771349
"(28, 928.3684782182328)",65.92402616713093,19.146886091349963,0.2346946974181512,7.920972229111874,209.96218685886572
"(29, 928.3684782182328)",65.7553551281853,19.38362077933555,0.23759649438399044,8.400066374744735,212.17702954650736
"(30, 928.3684782182328)",65.58690886223211,19.62287566885617,0.24052918294932565,8.893714074303075,214.40599746743726
"(31, 928.3684782182328)",65.41884750902994,19.864458800281223,0.24349041015152706,9.401892546816889,216.64692898628962
"(32, 928.3684782182328)",65.25130490766632,20.108201555428263,0.2464781091379746,9.924585596589603,218.89792149793936
"(33, 928.3684782182328)",65.08439120672509,20.35395648101238,0.2494904724863611,10.461783274395184,221.15730699771575
"(34, 928.3684782182328)",64.91819519411372,20.601595335304534,0.2525259282623812,11.013481621398263,223.42363011019518
"(35, 928.3684782182328)",64.75278638052659,20.851007334082027,0.2555831185179957,11.579682483672755,225.69562831314914
"(36, 928.3684782182328)",64.58821686900976,21.102097571912257,0.2586608799415007,12.160393385915885,227.9722140999642
"(37, 928.3684782182328)",64.42452304159414,21.354785595763115,0.26175822637245405,12.755627453778386,230.25245882472046
"(38, 928.3684782182328)",64.26172708869937,21.60900411057343,0.26487433293551477,13.365403374523689,232.5355780118897
"(39, 928.3684782182328)",64.09983840695695,21.86469779798644,0.2680085215609068,13.989745388160674,234.82091792285684
"(40, 928.3684782182328)",63.938854883628885,22.121822232543565,0.2711602476995207,14.628683299539444,237.1079432105436
"(41, 928.3684782182328)",63.77876407169164,22.380342889736497,0.274329088164066,15.28225250522909,239.39622560464025
"(42, 928.3684782182328)",63.61954430860042,22.64023421207761,0.2775147296812998,15.950494028519605,241.68543324885295
"(43, 928.3684782182328)",63.461165718605955,22.90147876413387,0.2807169585348318,16.633454556446953,243.97532104858564
"(44, 928.3684782182328)",63.30359118218416,23.164066428986843,0.28393565071560967,17.331186478767123,246.2657214879871
"(45, 928.3684782182328)",63.14677722227966,23.427993667462463,0.2871707628418771,18.043747916075098,248.5565361722074
"(46, 928.3684782182328)",62.990674834895316,23.693262825625364,0.29042232367074744,18.771202738990844,250.847727927824
"(47, 928.3684782182328)",62.83523027940207,23.95988148592418,0.293690426144761,19.513620586656874,253.13931340061916
"(48, 928.3684782182328)",62.68038579977911,24.22786186508028,0.296975220011501,20.271076861088982,255.43135620951307
"(49, 928.3684782182328)",62.526080305062045,24.497220251251854,0.30027690492454395,21.043652713816314,257.7239605550635
"(50, 928.3684782182328)",62.37225000059064,24.767976480431724,0.3035957240253815,21.83143501717899,260.017265289827
"(51, 928.3684782182328)",62.218828973497715,25.04015344987747,0.306931957979217,22.634516321136534,262.31143842457175
"(52, 928.3684782182328)",62.06574973421427,25.313776666791956,0.31028591944292333,23.452994795587756,264.60667205018416
"(53, 928.3684782182328)",61.912943715632935,25.588873830626508,0.3136579479450343,24.286974158554244,266.9031776562309
"(54, 928.3684782182328)",61.76034173174352,25.865474447327273,0.31704840515737337,25.136563590688578,269.2011818267798
"(55, 928.3684782182328)",61.60787439747816,26.14360947394696,0.3204576705388274,26.00187763682544,271.50092229466554
"(56, 928.3684782182328)",61.45547251158745,26.423310992023804,0.3238861373317703,26.883036095323085,273.80264433535405
"(57, 928.3684782182328)",61.30306740448795,26.704611908103153,0.32733420889117154,27.78016389609477,276.10659748097123
"(58, 928.3684782182328)",61.15059125289978,26.987545679866564,0.33080229532760824,28.693390968203502,278.41303253618656
"(59, 928.3684782182328)",60.997977363239656,27.272146066281202,0.33429081044468845,29.62285209799122,280.72219887688385
"(60, 928.3684782182328)",60.84516042567367,27.55844690023759,0.33780016895214343,30.56868677863495,283.03434201332834
"(61, 928.3684782182328)",60.69207674070148,27.84648188218555,0.3413307839363032,31.531039052074526,285.34970139990764
"(62, 928.3684782182328)",60.53866442011535,28.13628439331615,0.3448830645701518,32.51005734417498,287.6685084740573
"(63, 928.3684782182328)",60.38486356415668,28.42788732687212,0.34845741404560443,33.50589429398757,289.99098490739084
"(64, 928.3684782182328)",60.23061641655737,28.721322936264823,0.35205422771178163,34.51870657790689,292.31734105317497
"(65, 928.3684782182328)",60.07586749914803,29.016622698703454,0.35567389140344186,35.54865472947548,294.6477745746948
"(66, 928.3684782182328)",59.920563727574596,29.313817193141325,0.3593167799448798,36.59590295553844,296.98246924016524
"(67, 928.3684782182328)",59.76465450961536,29.61293599139347,0.3629832558153154,37.660618949429995,299.32159387053383
"(68, 928.3684782182328)",59.60809182746632,29.914007561372888,0.3666736679627735,38.742973701753925,301.6653014275437
"(69, 928.3684782182328)",59.45083030529283,30.21705918144142,0.3703883507542573,39.84314130936175,304.0137282301291
"(70, 928.3684782182328)",59.292827263322174,30.52211686498933,0.37412762305126823,40.961298783018584,306.366993288492
"(71, 928.3684782182328)",59.134042759256076,30.829205294364453,0.3778917873999224,42.09762585422635,308.72519774540757
"(72, 928.3684782182328)",58.974439618588335,31.138347763424385,0.3816811293268002,43.25230478168651,311.08842441605145
"(73, 928.3684782182328)",58.81398345416435,31.449566127973462,0.385495916731411,44.42552015772708,313.4567374175555
"(74, 928.3684782182328)",58.65264267619241,31.762880763461343,0.3893363993676847,45.617458715166386,315.8301818807772
"(75, 928.3684782182328)",58.49038849333097,32.07831052937282,0.3932028084074655,46.82830913484317,318.20878373753095
"(76, 928.3684782182328)",58.327194905584655,32.39587273977719,0.397095356079537,48.058261854264934,320.5925495768221
"(77, 928.3684782182328)",58.16303868962918,32.71558313958208,0.4010142353785347,49.30750887757237,322.98146656464615
"(78, 928.3684782182328)",57.9978993771317,33.037455886070084,0.4049596198386363,50.5762435871677,325.37550242226115
"(79, 928.3684782182328)",57.831759226577,33.361503535352604,0.40893166336751896,51.8646605572513,327.77460545850295
"(80, 928.3684782182328)",57.66460318907877,33.68773703340256,0.4129305001364443,53.172955369553925,330.1787046520106
"(81, 928.3684782182328)",57.49641886857223,34.01616571138608,0.4169562445230278,54.50132443148988,332.5877097799428
"(82, 928.3684782182328)",57.32719647678903,34.3467972850239,0.42100899110341516,55.84996479700233,335.0015115898687
"(83, 928.3684782182328)",57.15692878335457,34.67963785775688,0.42508881469109216,57.219073990318144,337.4199820120434
"(84, 928.3684782182328)",56.98561106132412,35.01469192751279,0.42919577041984197,58.60884983287511,339.8429744094956
"(85, 928.3684782182328)",56.81324102846261,35.35196239689117,0.4333298938684637,60.019490273610984,342.270323863523
"(86, 928.3684782182328)",56.63981878453387,35.69145058659369,0.4374912012256829,61.45119322296502,344.70184749278883
"(87, 928.3684782182328)",56.465346744860156,36.03315625197905,0.44167968949268066,62.90415639051366,347.13734480370783
"(88, 928.3684782182328)",56.28982957040324,36.377077602567425,0.4458953367225682,64.37857712696811,349.57659807076897
"(89, 928.3684782182328)",56.11327409458466,36.7232113244152,0.45013810229435514,65.874652270251,352.01937274480264
"(90, 928.3684782182328)",55.93568924709903,37.07155260520316,0.4544079272205989,67.3925779961913,354.46541788789756
"(91, 928.3684782182328)",55.75708597491603,37.42209516195299,0.4587047344871174,68.93254967393892,356.9144666333648
"(92, 928.3684782182328)",55.577477160717955,37.7748312712461,0.4630284294234166,70.49476172740265,359.36623666819304
"(93, 928.3684782182328)",55.39687753895179,38.12975180185842,0.4673789001026767,72.07940749553624,361.82043074409717
"(94, 928.3684782182328)",55.21530360976058,38.48684624967862,0.47175601776980086,73.68667911382192,364.2767371934217
"(95, 928.3684782182328)",55.03277355097126,38.84610277482392,0.4761596372963501,75.31676738026692,366.7348304854913
"(96, 928.3684782182328)",54.849307128378214,39.20750824083133,0.4805895976609327,76.9698616430143,369.1943717849785
"(97, 928.3684782182328)",54.66492560453693,39.571048255813466,0.485045722453683,78.64614968760284,371.6550095329861
"(98, 928.3684782182328)",54.47965164629131,39.936707215460316,0.48952782040335063,80.34581763146795,374.11638004187904
"(99, 928.3684782182328)",54.29350923113905,40.30446834774014,0.4940356859252304,82.06904982479317,376.5781081031138
"(100, 928.3684782182328)",54.10652355346612,40.67431375934997,0.49856909969055635,83.81602875788973,379.0398076084665
"(101, 928.3684782182328)",53.91872092846366,41.046224483248245,0.5031278292090293,85.58693497525464,381.50108217677484
"(102, 928.3684782182328)",53.730128697966556,41.42018052802088,0.5077116294341346,87.38194699646155,383.9615257950053
"(103, 928.3684782182328)",53.540775134418496,41.796160928059116,0.5123202433779963,89.20124124403617,386.4207234611889
"(104, 928.3684782182328)",53.35068934560314,42.17414379491999,0.5169534027410343,91.04499197840681,388.8782518340244
"(105, 928.3684782182328)",53.15990117953672,42.55410636955895,0.5216108285522092,92.91337124008349,391.33367988508246
"(106, 928.3684782182328)",52.96844112987369,42.93602507529502,0.5262922318181714,94.8065487991376,393.78656955197556
"(107, 928.3684782182328)",52.776340242011024,43.319875571357144,0.5309973141797086,96.72469211208094,396.23647639090404
"(108, 928.3684782182328)",52.58363002010687,43.705632806854176,0.5357257685732776,98.66796628621347,398.68295022645344
"(109, 928.3684782182328)",52.39034233519579,44.093271075014144,0.54047727989577,100.63653405150207,401.1255357968638
"(110, 928.3684782182328)",52.196509334592214,44.48276406752492,0.5452515256706705,102.63055574003589,403.5637733930142
"(111, 928.3684782182328)",52.00216335275319,44.87408492882798,0.5500481767134957,104.65018927308974,405.99719948913184
"(112, 928.3684782182328)",51.8073368237617,45.26720631020207,0.5548668977948078,106.6955901558073,408.42534736363007
"(113, 928.3684782182328)",51.61206219558222,45.66210042348912,0.5597073482987677,108.76691147952691,410.84774770816244
"(114, 928.3684782182328)",51.41637184623201,46.05873909430992,0.5645691828753552,110.86430393172793,413.2639292231767
"(115, 928.3684782182328)",51.22029800198231,46.45709381462606,0.5694520520846521,112.98791581358701,415.67341919849133
"(116, 928.3684782182328)",51.02387265771996,46.85713579449593,0.5743556030313806,115.1378930651041,418.07574407725406
"(117, 928.3684782182328)",50.827127499542485,47.25883601291375,0.5792794799879033,117.31437929777731,420.4704300016418
"(118, 928.3684782182328)",50.630093829693,47.66216526757816,0.5842233250043585,119.51751583474375,422.85700333914855
"(119, 928.3684782182328)",50.432802493892005,48.06709422348322,0.589186778504255,121.74744175836372,425.23499118793455
"(120, 928.3684782182328)",50.23528381111219,48.47359346022176,0.5941694798642392,124.00429396513742,427.6039218601452
"(17, 928.5895596153222)",67.6552079350773,16.857458103652377,0.20663182566606605,3.6721201339753438,188.20403586378697
"(18, 928.5895596153222)",67.5074100867282,17.042934576046456,0.20890532039304352,3.9875463878252826,189.99975307724878
"(19, 928.5895596153222)",67.3552747348802,17.235439877337786,0.2112649716294053,4.31845108138772,191.85999588610528
"(20, 928.5895596153222)",67.19948122248121,17.434343190027903,0.2137030470723052,4.664677577598071,193.77774079172627
"(21, 928.5895596153222)",67.0406488483789,17.639062382136352,0.21621241118604836,5.026089024172702,195.74649866244692
"(22, 928.5895596153222)",66.87933624968532,17.849065204436997,0.2187865398773477,5.402566254492155,197.76033045997428
"(23, 928.5895596153222)",66.71604303470245,18.063868476489535,0.2214195105180211,5.794005872571398,199.81383988959803
"(24, 928.5895596153222)",66.5512128205005,18.28303598915382,0.22410597623485848,6.200318538957382,201.9021512401317
"(25, 928.5895596153222)",66.38523705393993,18.50617565963605,0.22684113103736803,6.621427458844432,204.02087851378676
"(26, 928.5895596153222)",66.21845917756828,18.732936319772005,0.22962067044983347,7.057267064944517,206.16609018664138
"(27, 928.5895596153222)",66.05117884437114,18.963004397291105,0.2324407508316429,7.507781883007445,208.33427256840267
"(28, 928.5895596153222)",65.8836559924852,19.19610065891466,0.23529794945548213,7.972925565716039,210.52229369753843
"(29, 928.5895596153222)",65.71611466903899,19.431977117798922,0.23818922660007047,8.452660079972183,212.72736895370144
"(30, 928.5895596153222)",65.5487465474107,19.67041416078757,0.24111189033716451,8.946955032609047,214.94702903359638
"(31, 928.5895596153222)",65.38171411983645,19.911217918570166,0.2440635642960685,9.455787119853234,217.1790905679789
"(32, 928.5895596153222)",65.21515357096831,20.154217880977143,0.24704215843294308,9.979139686483672,219.42162941918158
"(33, 928.5895596153222)",65.04917735349814,20.399264745946514,0.25004584266397334,10.517002381168698,221.67295654181243
"(34, 928.5895596153222)",64.88387649367218,20.64622848385738,0.25307302313953917,11.069370895108053,223.93159621255484
"(35, 928.5895596153222)",64.719322658254,20.89499659516481,0.25612232088595466,11.636246771826913,226.19626638731597
"(36, 928.5895596153222)",64.55557001371112,21.145472538741963,0.25919255254178913,12.21763727660241,228.4658609437488
"(37, 928.5895596153222)",64.39265690702767,21.397574309094036,0.2622827129171674,12.813555314954613,230.73943356750985
"(38, 928.5895596153222)",64.23060739270001,21.65123314297711,0.2653919591403692,13.424019389787862,233.0161830738152
"(39, 928.5895596153222)",64.06943263070623,21.906392337291322,0.26851959616799476,14.049053589313628,235.29543996440879
"(40, 928.5895596153222)",63.909132172830034,22.163006163131918,0.27166506347383407,14.688687596222211,237.57665405781393
"(41, 928.5895596153222)",63.74969514087735,22.421038870811394,0.2748279228528425,15.34295671184909,239.85938314006566
"(42, 928.5895596153222)",63.59110134954412,22.68046375223414,0.27800784692810837,16.01190188867528,242.14328225990076
"(43, 928.5895596153222)",63.433322313116015,22.941262292022696,0.28120460874570913,16.695569765004887,244.4280940319721
"(44, 928.5895596153222)",63.276322219766314,23.20342335979807,0.2844180718740165,17.39401270181421,246.71363940631784
"(45, 928.5895596153222)",63.12005882261021,23.466942465266733,0.2876481812728386,18.107288808818243,248.9998091634753
"(46, 928.5895596153222)",62.964484275123546,23.731821061609157,0.2908949547546756,18.83546196176552,251.28655596819775
"(47, 928.5895596153222)",62.80954592618399,23.998065892667164,0.2941584749827731,19.578601819214647,253.57388692215335
"(48, 928.5895596153222)",62.65518704581968,24.26568838703449,0.2974388820441707,20.336783815218794,255.86185667465142
"(49, 928.5895596153222)",62.501347509950826,24.534704091639586,0.30073636650675406,21.11008914443463,258.15056099038424
"(50, 928.5895596153222)",62.347964435670136,24.805132144784558,0.3040511629599932,21.898604732014245,260.4401307815324
"(51, 928.5895596153222)",62.194972770550244,25.076994786415497,0.3073835440120598,22.702423189072224,262.73072657808336
"(52, 928.5895596153222)",62.042305837661544,25.350316903894683,0.31073381472205375,23.521642753788868,265.0225334165521
"(53, 928.5895596153222)",61.889895838049036,25.625125611579186,0.31410230744668405,24.356367218455873,267.315756127617
"(54, 928.5895596153222)",61.73767431239299,25.901449862578787,0.3174893770812988,25.206705842933598,269.6106150035326
"(55, 928.5895596153222)",61.58557256368477,26.17932009105013,0.3208953966753738,26.072773255236914,271.90734182613255
"(56, 928.5895596153222)",61.433522042711004,26.458767883451028,0.32432075340277056,26.954689339993372,274.2061762363948
"(57, 928.5895596153222)",61.281454698287135,26.739825677114244,0.3277658448670483,27.852579115650272,276.50736242638607
"(58, 928.5895596153222)",61.129303294132775,27.022526484568306,0.33123107572227656,28.766572601335927,278.8111461345223
"(59, 928.5895596153222)",60.97700169430533,27.30690364203605,0.33471685459023964,29.696804674304865,281.1177719254716
"(60, 928.5895596153222)",60.824485119141855,27.592990580551756,0.3382235912548803,30.643414918871326,283.42748073601064
"(61, 928.5895596153222)",60.67169037358456,27.880820618199408,0.3417516941156411,31.606547467781855,285.7405076688516
"(62, 928.5895596153222)",60.518556049762935,28.17042677200038,0.34530156788166755,32.58635083686676,288.05708001685116
"(63, 928.5895596153222)",60.36502270563136,28.461841588042372,0.3488736114895855,33.58297775384958,290.37741550067165
"(64, 928.5895596153222)",60.21103302139359,28.755096988500107,0.3524682162283563,34.596584982075065,292.70172070381244
"(65, 928.5895596153222)",60.05653193538856,29.05022413425538,0.3560857640553206,35.627333139958786,295.03018968945685
"(66, 928.5895596153222)",59.90146676099117,29.34725330191056,0.35972662608868805,36.67538651680191,297.3630027847986
"(67, 928.5895596153222)",59.74578728602189,29.646213774048167,0.36339116126237403,37.74091288568587,299.70032551904256
"(68, 928.5895596153222)",59.589445856067705,29.947133741661297,0.36707971513004284,38.82408331398302,302.0423077023414
"(69, 928.5895596153222)",59.43239744297408,30.25004021778017,0.37079261880636716,39.925071972109194,304.3890826339073
"(70, 928.5895596153222)",59.2745996997545,30.554958961352213,0.37453018803398486,41.044055940974346,306.7407664281474
"(71, 928.5895596153222)",59.11601300299819,30.861914410543463,0.3782927223659432,42.18121501864218,309.0974574488303
"(72, 928.5895596153222)",58.95660048366923,31.170929624749537,0.38208050445487873,43.336731526617285,311.45923584273874
"(73, 928.5895596153222)",58.79632804770614,31.48202623436717,0.3858937994373461,44.51079011614843,313.82616316166025
"(74, 928.5895596153222)",58.63516438641588,31.795224398117,0.3897328544106968,45.70357757498083,316.19828206987063
"(75, 928.5895596153222)",58.47308097831704,32.110542766891804,0.39359789798994643,46.91528263477501,318.57561612522585
"(76, 928.5895596153222)",58.3100520825697,32.4279984538886,0.397489139941661,48.14609577968538,320.9581696306148
"(77, 928.5895596153222)",58.1460547248462,32.7476070104495,0.40140677088785975,49.39620905625846,323.3459275491078
"(78, 928.5895596153222)",57.98106867613859,33.06938240723,0.4053509620750444,50.66581588500989,325.73885547790275
"(79, 928.5895596153222)",57.81507642505592,33.3933370202922,0.4093218652039972,51.95511087392094,328.13689967678107
"(80, 928.5895596153222)",57.648063144059165,33.71948162182272,0.41331961231575054,53.26428963414873,330.5399871465097
"(81, 928.5895596153222)",57.48001665006479,34.047825375155085,0.41734431573069797,54.593548598167715,332.94802575415906
"(82, 928.5895596153222)",57.31092735979062,34.3783758338536,0.4213960680373432,55.9430848406095,335.36090440181533
"(83, 928.5895596153222)",57.14078824019671,34.711138944622355,0.4254749421279492,57.313095902030526,337.77849323591647
"(84, 928.5895596153222)",56.96959475435746,35.04611905382636,0.4295809912784801,58.70377961584914,340.20064389454825
"(85, 928.5895596153222)",56.797344803034264,35.3833189174555,0.4337142492707387,60.11533393867135,342.6271897905339
"(86, 928.5895596153222)",56.62403866225414,35.72273971435293,0.43787473055449405,61.54795678432416,345.0579464279513
"(87, 928.5895596153222)",56.44967891712893,36.064381062570774,0.4420624304479889,63.00184586153418,347.49271175064285
"(88, 928.5895596153222)",56.27427039217665,36.40824103871046,0.4462773253750116,64.47719851597971,349.9312665203061
"(89, 928.5895596153222)",56.09782007838196,36.75431620012487,0.4505193731369394,65.97421157643042,352.37337472297116
"(90, 928.5895596153222)",55.92033705721157,37.10260160986,0.4547885132186725,67.49308120550229,354.81878400233194
"(91, 928.5895596153222)",55.741832421825976,37.45309086423295,0.45908466712646123,69.034002755158,357.26722611794935
"(92, 928.5895596153222)",55.56231919568687,37.80577612292898,0.46340773875693736,70.59717062821846,359.7184174264182
"(93, 928.5895596153222)",55.38181224880559,38.1606481415081,0.4677576147955407,72.1827781387327,362.1720593909719
"(94, 928.5895596153222)",55.200328211819716,38.51769630622518,0.47213416514332046,73.79101739357415,364.6278390962096
"(95, 928.5895596153222)",55.01788538814447,38.8769086710409,0.47653724337061415,75.42207915852315,367.085429803295
"(96, 928.5895596153222)",54.83450366440044,39.238271996721366,0.4809666871963067,77.07615274598143,369.5444915072774
"(97, 928.5895596153222)",54.65020441933855,39.60177179191149,0.48542231899131627,78.7534259023508,372.00467151724405
"(98, 928.5895596153222)",54.46501043150682,39.96739235605559,0.4899039463046002,80.45408470265382,374.4656050501433
"(99, 928.5895596153222)",54.278945785732226,40.335116824024404,0.4944113624103555,82.17831345149175,376.9269158379517
"(100, 928.5895596153222)",54.09203577947361,40.70492721250248,0.49894434687643835,83.9262945905696,379.38821674797686
"(101, 928.5895596153222)",53.904306826858274,41.07680446744887,0.5035026661462104,85.69820861286264,381.8491104089874
"(102, 928.5895596153222)",53.71578636462105,41.45072851341328,0.5080860741430292,87.49423398365899,384.30918985149447
"(103, 928.5895596153222)",53.526502756179994,41.826678303651455,0.5126943128844665,89.31454706855585,386.7680391501111
"(104, 928.5895596153222)",53.33648519646797,42.20463187143167,0.5173271131113599,91.15932206856135,389.2252340725823
"(105, 928.5895596153222)",53.14576361692719,42.5845663822188,0.5219841949273009,93.02873096240837,391.68034273129246
"(106, 928.5895596153222)",52.95436859100759,42.966458186588675,0.5266652684473214,94.92294345617717,394.13292623600654
"(107, 928.5895596153222)",52.76233124037044,43.35028287372751,0.5313700344536497,96.84212694032318,396.58253934577
"(108, 928.5895596153222)",52.56968314199946,43.73601532535561,0.5360981850566929,98.78644645416936,399.0287311181986
"(109, 928.5895596153222)",52.376456236410306,44.123629769918324,0.5408494043592754,100.7560646579316,401.4710455542572
"(110, 928.5895596153222)",52.18268273714406,44.51309983688399,0.5456233691222057,102.75114181232298,403.9090222366944
"(111, 928.5895596153222)",51.98839504172437,44.90439861098914,0.550419749429194,104.77183576575723,406.34219696027407
"(112, 928.5895596153222)",51.79362564422764,45.2974986862803,0.5552382093492875,106.81830194918895,408.770102352066
"(113, 928.5895596153222)",51.59840704963024,45.69237221979544,0.560078407594807,108.89069337857799,411.19226847993474
"(114, 928.5895596153222)",51.40277169007411,46.08899098472612,0.5649399981731341,110.98916066498444,413.6082234476872
"(115, 928.5895596153222)",51.2067518431507,46.48732642294114,0.5698226310303276,113.11385203225794,416.01749397503824
"(116, 928.5895596153222)",51.01037955235742,46.88734969669122,0.5747259526850894,115.26491334232006,418.4196059610236
"(117, 928.5895596153222)",50.81368654978101,47.289031739399896,0.5796496068512047,117.4424881279586,420.8140850291963
"(118, 928.5895596153222)",50.61670418111978,47.69234330538466,0.5845932350470614,119.6467176331189,423.20045705332836
"(119, 928.5895596153222)",50.41946333310443,48.09725501839821,0.5895564771906354,121.87774086060644,425.5782486622065
"(120, 928.5895596153222)",50.22199436336719,48.50373741887667,0.5945389721786428,124.13569462714288,427.94698772236933
"(17, 928.7970245832736)",67.60245168084303,16.91510481109908,0.20733843542479183,3.715062346904529,188.86025955739333
"(18, 928.7970245832736)",67.4562731461618,17.099326734756094,0.20959655240654113,4.030958671523092,190.64169556658447
"(19, 928.7970245832736)",67.30571615513823,17.29061143058107,0.21194124196040146,4.36235135387435,192.4880435654302
"(20, 928.7970245832736)",67.15145366909995,17.48833285363652,0.21436483028362574,4.709082158754685,194.3923343839753
"(21, 928.7970245832736)",66.99410064047045,17.691912051409197,0.21686022081313197,5.071012757528991,196.34811508417968
"(22, 928.7970245832736)",66.83421301208766,17.90081866627556,0.2194209126421214,5.448022632435676,198.34946816091306
"(23, 928.7970245832736)",66.67228902143673,18.11457038665648,0.22204099379255196,5.8400071598302565,200.39100721020512
"(24, 928.7970245832736)",66.50877194878144,18.33273107998296,0.22471511832980157,6.24687589104073,202.4678573925572
"(25, 928.7970245832736)",66.34405369339107,18.554908141154037,0.22743847386114213,6.668551033494301,204.57562676449515
"(26, 928.7970245832736)",66.17847873713865,18.780749439530737,0.23020674411324155,7.10496612563009,206.71037284575166
"(27, 928.7970245832736)",66.01234819529853,19.009940127977497,0.2330160698187076,7.556064894132736,208.8685674335712
"(28, 928.7970245832736)",65.84592376052208,19.242199487180898,0.23586301003502844,8.021800279674517,211.0470616501147
"(29, 928.7970245832736)",65.67943142396092,19.47727791208015,0.2387445052054732,8.50213361644641,213.24305245400296
"(30, 928.7970245832736)",65.51306491305337,19.714954099796607,0.24165784268988197,8.99703395063738,215.45405130693777
"(31, 928.7970245832736)",65.34698882356801,19.955032465663248,0.2446006250914658,9.506477483262481,217.67785531289977
"(32, 928.7970245832736)",65.1813414478243,20.197340792546502,0.24757074144294253,10.03044712330632,219.91252090277362
"(33, 928.7970245832736)",65.01623731703295,20.441728104478095,0.25056634114270526,10.56893213761543,222.15633997644667
"(34, 928.7970245832736)",64.85176948313394,20.68806274830955,0.2535858104402583,11.121927884649862,224.40781832880012
"(35, 928.7970245832736)",64.68801156940867,20.93623066298715,0.25662775122197423,11.689435619848586,226.66565614061767
"(36, 928.7970245832736)",64.52501961913616,21.186133815180067,0.2596909618353289,12.271462361077019,228.92873030274492
"(37, 928.7970245832736)",64.36283377014486,21.437688780479473,0.2627744196980513,12.868020803504592,231.19607834864183
"(38, 928.7970245832736)",64.20147977887632,21.690825451538416,0.2658772654629526,13.479129273444219,233.46688379288335
"(39, 928.7970245832736)",64.04097041782862,21.94548585568208,0.26899878852470693,14.104811713301046,235.74046268495198
"(40, 928.7970245832736)",63.88130676313814,22.20162306736433,0.27213841368915825,14.745097687946982,238.01625122135525
"(41, 928.7970245832736)",63.72247937517579,22.45920021076332,0.27529568894756784,15.400022406360527,240.2937943687429
"(42, 928.7970245832736)",63.564469424838016,22.71818951901817,0.27847027394512264,16.069626751761138,242.57273512335786
"(43, 928.7970245832736)",63.407249703949994,22.978571481996184,0.28166192953458097,16.753957314086488,244.852804776016
"(44, 928.7970245832736)",63.250785603754984,23.240334034929887,0.28487050783097245,17.45306642483301,247.13381364010036
"(45, 928.7970245832736)",63.095036010195635,23.503471809836636,0.2880959430357605,18.16701218118278,249.41564250494386
"(46, 928.7970245832736)",62.939954143544234,23.767985435285336,0.291338242853673,18.89585846150677,251.6982346483039
"(47, 928.7970245832736)",62.78548835768606,24.0338808800242,0.29459748044720047,19.639674940538107,253.98158834855082
"(48, 928.7970245832736)",62.631582869835526,24.301168843694448,0.29787378696815325,20.398537080459384,256.2657499569132
"(49, 928.7970245832736)",62.47817844912158,24.569864187187402,0.3011673445752701,21.172526114592987,258.5508074285634
"(50, 928.7970245832736)",62.325213055510886,24.839985402641293,0.3044783799376103,21.961729015934523,260.83688432005346
"(51, 928.7970245832736)",62.172622432511616,25.111554120876885,0.3078071581969291,22.76623845138004,263.1241342273607
"(52, 928.7970245832736)",62.02034065538386,25.38459465451872,0.31115397736743156,23.58615272166746,265.41273564445424
"(53, 928.7970245832736)",61.8683006365879,25.65913357511537,0.31451916315229167,24.42157568734813,267.70288722292156
"(54, 928.7970245832736)",61.71643459019474,25.935199322625337,0.3179030641568844,25.27261668125719,269.9948034135626
"(55, 928.7970245832736)",61.56467445711818,26.212821845611096,0.3213060474784721,26.139390408186497,272.2887104704304
"(56, 928.7970245832736)",61.41295229295615,26.492032270561086,0.3247284946527242,27.02201683250002,274.5848427983556
"(57, 928.7970245832736)",61.261200620427694,26.77286259866325,0.328170797937201,27.920621054582657,276.88343962460834
"(58, 928.7970245832736)",61.10935274823451,27.055345428506897,0.3316333569120479,28.83533317698642,279.1847419754865
"(59, 928.7970245832736)",60.9573430583875,27.339513703050827,0.335116575378578,29.766288161236783,281.4889899389227
"(60, 928.7970245832736)",60.80510726385645,27.625400479357005,0.33862085853673285,30.71362567619028,283.7964201945608
"(61, 928.7970245832736)",60.65258263849348,27.91303871954409,0.3421466104226809,31.67748993886812,286.1072637929704
"(62, 928.7970245832736)",60.49970822109114,28.202461101492794,0.34569423158851414,32.658029548632186,288.42174416638085
"(63, 928.7970245832736)",60.34642499536914,28.493699847892465,0.3492641170068058,33.6553973155578,290.74007535406776
"(64, 928.7970245832736)",60.1926760476802,28.786786572250772,0.3528566541829239,34.66975008377842,293.0624604257304
"(65, 928.7970245832736)",60.038406704051226,29.081752140587174,0.35647222146000873,35.7012485505741,295.3890900880717
"(66, 928.7970245832736)",59.88356464817864,29.378626547593765,0.36011118650062884,36.75005708188459,297.7201414590518
"(67, 928.7970245832736)",59.72810002183809,29.677438806096916,0.36377390493221123,37.81634352491214,300.0557769971643
"(68, 928.7970245832736)",59.571965509145784,29.978216848758308,0.3674607191418772,38.900279018390385,302.3961435718151
"(69, 928.7970245832736)",59.41511640592662,30.28098744101526,0.3711719572094288,40.0020378011145,304.74137166375306
"(70, 928.7970245832736)",59.257510675410025,30.58577610434514,0.37490793196664884,41.12179701919955,307.0915746840923
"(71, 928.7970245832736)",59.09910899139728,30.892607048976174,0.37866894017261826,42.259736532565455,309.446848401864
"(72, 928.7970245832736)",58.93987476986258,31.201503115305208,0.3824552617956143,43.4160387210763,311.8072704709072
"(73, 928.7970245832736)",58.77977418996301,31.512485723290702,0.38626715939271017,44.590888290721885,314.1729000474604
"(74, 928.7970245832736)",58.618776205293884,31.825574829177913,0.39010487757939205,45.78447208025433,316.54377749090725
"(75, 928.7970245832736)",58.45685254617123,32.14078888897718,0.3939686425818883,46.99697886851413,318.91992414065487
"(76, 928.7970245832736)",58.29397771361664,32.458144828178874,0.3978586618659356,48.22859918293722,321.30134216282653
"(77, 928.7970245832736)",58.13012896571346,32.7776580172225,0.40177512383611197,49.479525109387744,323.6880144611693
"(78, 928.7970245832736)",57.96528629688327,33.0993422523102,0.4057181976005627,50.749950103682735,326.0799046470085
"(79, 928.7970245832736)",57.79943241060748,33.423209741179484,0.4096880327967966,52.04006880506858,328.4769570639707
"(80, 928.7970245832736)",57.632552686060514,33.74927109351878,0.4136847594740205,53.35007685188514,330.87909686303226
"(81, 928.7970245832736)",57.4646351390797,34.07753531571386,0.4177084880288194,54.68017069971221,333.2862301246332
"(82, 928.7970245832736)",57.29567037786786,34.40800980966709,0.421759309190692,56.03054744219408,335.69824402441753
"(83, 928.7970245832736)",57.1256515537496,34.740700375469686,0.425837294054778,57.40140463482534,338.11500703984495
"(84, 928.7970245832736)",56.95457430734534,35.075611217699254,0.4299424941590726,58.79294012189802,340.5363691949601
"(85, 928.7970245832736)",56.78243671042764,35.41274495517602,0.43407494160400106,60.20535186685137,342.962162341103
"(86, 928.7970245832736)",56.609239203756815,35.7521026340017,0.4382346492122535,61.63883778633855,345.3922004712972
"(87, 928.7970245832736)",56.43498453114201,36.09368374374011,0.44242161072710856,63.09359558795452,347.8262800667232
"(88, 928.7970245832736)",56.25967767000175,36.43748623658784,0.446635801047449,64.56982261232783,350.26418047290974
"(89, 928.7970245832736)",56.083325758612965,36.78350654943695,0.4508771764981037,66.06771567931872,352.70566430462753
"(90, 928.7970245832736)",55.905938020349915,37.13173962866587,0.4551456751338974,67.58747093884267,355.1504778774665
"(91, 928.7970245832736)",55.727525685060016,37.48217895759829,0.4594412170760611,69.12928372642978,357.5983516647337
"(92, 928.7970245832736)",55.54810190785805,37.83481658647584,0.4637637048797078,70.69334842483114,360.0490007771569
"(93, 928.7970245832736)",55.36768168552464,38.18964316486144,0.4681130239310064,72.27985832444081,362.50212547135663
"(94, 928.7970245832736)",55.18628177074559,38.546647976353746,0.47248904287268956,73.88900550501998,364.9574116633329
"(95, 928.7970245832736)",55.00392058439694,38.90581897550998,0.4768916140566493,75.52098070184043,367.41453148269034
"(96, 928.7970245832736)",54.820618126111555,39.26714282685841,0.48132057402212813,77.17597319351229,369.87314382895363
"(97, 928.7970245832736)",54.63639588333711,39.630604945890305,0.4857757439981852,78.85417068947048,372.33289495076997
"(98, 928.7970245832736)",54.4512767391068,39.996189541913616,0.4902569304289735,80.55575922469212,374.79341903906743
"(99, 928.7970245832736)",54.26528487865389,40.36387966260734,0.4947639255198928,82.28092306078538,377.2543388332314
"(100, 928.7970245832736)",54.07844569586615,40.73365724034712,0.49929650780536655,84.02984459360825,379.7152662408354
"(101, 928.7970245832736)",53.8907856974256,41.105503139607656,0.5038544427299692,85.80270426758301,382.17580296307574
"(102, 928.7970245832736)",53.7023324088536,41.47939720622302,0.5084374832521638,87.59968049684291,384.6355411343748
"(103, 928.7970245832736)",53.51311427868518,41.855318317445814,0.5130453704579793,89.42094959336767,387.09406396422685
"(104, 928.7970245832736)",53.32316058338863,42.233244433212946,0.5176778341893249,91.26668570221005,389.5509463855481
"(105, 928.7970245832736)",53.13250133245917,42.61315264827386,0.5223345936830087,93.13706074394355,392.0057557057481
"(106, 928.7970245832736)",52.9411671740064,42.995019245061684,0.5270153582188121,95.03224436442129,394.4580522588994
"(107, 928.7970245832736)",52.74918930104618,43.37881974714974,0.531719827774672,96.9524038919372,396.9073900571088
"(108, 928.7970245832736)",52.55659935869814,43.764528973129536,0.5364476936872176,98.89770430185894,399.3533174393881
"(109, 928.7970245832736)",52.363429352485376,44.1521210907596,0.5411986393154027,100.86830818878705,401.79537771587525
"(110, 928.7970245832736)",52.16971155791279,44.541569671221716,0.5459723407055508,102.86437574629866,404.2331098057822
"(111, 928.7970245832736)",51.975478431504115,44.93284774332386,0.5507684672558549,104.8860647542914,406.66604886723684
"(112, 928.7970245832736)",51.78076252346561,45.3259278474987,0.5555866823781612,106.93353057395775,409.0937269169707
"(113, 928.7970245832736)",51.5855963921127,45.72078208944157,0.5604266441555017,109.0069261503875,411.5156734384315
"(114, 928.7970245832736)",51.39001252021659,46.11738219323624,0.5652880059932363,111.10640202279545,413.93141597633405
"(115, 928.7970245832736)",51.194043233380945,46.51569955382357,0.5701704172622755,113.23210634234857,416.3404807162565
"(116, 928.7970245832736)",50.99772062057336,46.915705288673216,0.5750735239323715,115.38418489757693,418.74239304742775
"(117, 928.7970245832736)",50.80107645689842,47.31737028852217,0.5799969691940843,117.56278114729639,421.1366781074857
"(118, 928.7970245832736)",50.60414212869909,47.72066526705373,0.5849403940677248,119.76803626102715,423.5228613076432
"(119, 928.7970245832736)",50.406948561063494,48.12556080939035,0.5899034379977627,122.00008916682434,425.90046883694123
"(120, 928.7970245832736)",50.20952614777396,48.5320274192965,0.5948857394313931,124.25907660644434,428.26902814445424
"(17, 928.9900861364011)",67.55368444173938,16.968541429705233,0.20799343963670316,3.755154694535276,189.46868870937195
"(18, 928.9900861364011)",67.40898578148716,17.15161501089158,0.21023748070619128,4.071485612379084,191.2370496979655
"(19, 928.9900861364011)",67.2598727273437,17.341781307723704,0.21256846138269422,4.403329637533229,193.07066361225813
"(20, 928.9900861364011)",67.10701224877867,17.538418774955115,0.21497876301883367,4.750527058582258,194.962612515781
"(21, 928.9900861364011)",66.95101513756636,17.740951514731027,0.21746132649428165,5.1129381804140825,196.90647825084469
"(22, 928.9900861364011)",66.79243469864198,17.948851036253718,0.22000967378503142,5.49044123238505,198.89636456801279
"(23, 928.9900861364011)",66.63176775280014,18.1616359488095,0.2226179042006273,5.882930450545979,200.92689554829985
"(24, 928.9900861364011)",66.46945712332052,18.37887030356129,0.22528067405855964,6.290314354323703,202.99319844420415
"(25, 928.9900861364011)",66.30589498974363,18.600161118246728,0.22799316634300834,6.712514221591528,205.09087701791066
"(26, 928.9900861364011)",66.14142666674583,18.82515546948245,0.23075105506350896,7.1494627565243976,207.2159797629902
"(27, 928.9900861364011)",65.97635450440612,19.053537419412592,0.23355046758306613,7.601102939423182,209.36496605776617
"(28, 928.9900861364011)",65.81094171157946,19.28502495363092,0.2363879470844442,8.067387045097256,211.5346722784876
"(29, 928.9900861364011)",65.64541598182065,19.519367041000848,0.2392604165306631,8.548275815354895,213.72227914649704
"(30, 928.9900861364011)",65.47997285710574,19.756340878276056,0.24216514489066748,9.043737770888232,215.925281040327
"(31, 928.9900861364011)",65.31477880313139,19.995749349225598,0.2450997159943722,9.553748648040006,218.14145762557928
"(32, 928.9900861364011)",65.14997399474144,20.237418706156365,0.24806200011355115,10.078290946429458,220.36884790622636
"(33, 928.9900861364011)",64.98567482667536,20.481196467061196,0.25105012818613204,10.617353573831794,222.60572663435755
"(34, 928.9900861364011)",64.82197617263338,20.72694951397127,0.2540624685065875,11.17093157540941,224.85058292655197
"(35, 928.9900861364011)",64.65895342002484,20.97456237364103,0.25709760565106865,11.73902593500287,227.10210088424589
"(36, 928.9900861364011)",64.49666430810662,21.223935660481683,0.2601543213916865,12.321643436874647,229.35914200154517
"(37, 928.9900861364011)",64.33515059611504,21.47498466197277,0.263231577357015,12.91879657724783,231.6207291454663
"(38, 928.9900861364011)",64.17443958401729,21.727638048663042,0.2663284992198202,13.530503515075434,233.8860319157238
"(39, 928.9900861364011)",64.01454550894402,21.98183669192646,0.2694443622055914,14.156788054196053,236.15435320014402
"(40, 928.9900861364011)",63.85547083344125,22.237532575314,0.2725785777483425,14.79767964714626,238.4251167742241
"(41, 928.9900861364011)",63.69720742788057,22.494687795204463,0.27573068124097694,15.453213414403672,240.69785590210003
"(42, 928.9900861364011)",63.53973769953514,22.753273617421424,0.27890032047172697,16.123430172345188,242.97220256615435
"(43, 928.9900861364011)",63.38303560610435,23.01326962212219,0.282087245142512,16.80837646365132,245.24787769927102
"(44, 928.9900861364011)",63.22706763778583,23.274662889282418,0.28529129688498145,17.50810459025796,247.52468187688655
"(45, 928.9900861364011)",63.071793716223546,23.537447246903902,0.2885124000452206,18.22267263569444,249.8024867337349
"(46, 928.9900861364011)",62.917168037849365,23.80162256756341,0.2917505530614493,18.95214447891547,252.081226939983
"(47, 928.9900861364011)",62.76313987685379,24.067194108924593,0.29500582037983797,19.69658980792898,254.36089267747641
"(48, 928.9900861364011)",62.60965431844647,24.334171901411036,0.298278324949303,20.45608410945552,256.64152267781895
"(49, 928.9900861364011)",62.45665295085434,24.60257017569276,0.30156824120357306,21.230708651234643,258.92319772047574
"(50, 928.9900861364011)",62.30407450746751,24.872406829967787,0.3048757885313608,22.02055044931835,261.20603459933375
"(51, 928.9900861364011)",62.151855462601425,25.143702934834035,0.30820122520751403,22.825702221128843,263.490180531744
"(52, 928.9900861364011)",61.99993058255018,25.416482274040572,0.311544842763474,23.646262324308932,265.7758079898823
"(53, 928.9900861364011)",61.848233433696564,25.690770919390594,0.31490696077674524,24.482334681700728,268.06310993524016
"(54, 928.9900861364011)",61.69669684940931,25.96659683817059,0.31828792205886286,25.334028692881507,270.35229543675763
"(55, 928.9900861364011)",61.545253357561734,26.24398953145136,0.3216880882219138,26.20145913298429,272.6435856533456
"(56, 928.9900861364011)",61.393835570512074,26.5229797016503,0.3251078356035772,27.084746039533144,274.937210161453
"(57, 928.9900861364011)",61.24237653949755,26.80359894770465,0.3285475515306368,27.98401458816114,277.23340360818884
"(58, 928.9900861364011)",61.090810075338496,27.085879486261344,0.3320076309016379,28.899394958115252,279.5324026711398
"(59, 928.9900861364011)",60.93907103743589,27.369853897289502,0.3354884730684935,29.83102218844775,281.8344433052217
"(60, 928.9900861364011)",60.78709559298796,27.65555489254219,0.33899047899849144,30.77903602583727,284.1397582583912
"(61, 928.9900861364011)",60.63482144835245,27.94301510534746,0.3425140486976167,31.743580764914995,286.44857483761143
"(62, 928.9900861364011)",60.48218805444221,28.2322669002378,0.3460595788770706,32.724805082007336,288.76111290732916
"(63, 928.9900861364011)",60.329136787960586,28.52334220099981,0.34962746084558843,33.72286186308349,291.07758310351096
"(64, 928.9900861364011)",60.17561111023465,28.81627233577776,0.35321807861069204,34.737908026757026,293.39818524672387
"(65, 928.9900861364011)",60.02155670534106,29.111087897912075,0.35683180717310636,35.77010434302797,295.7231069389238
"(66, 928.9900861364011)",59.86692159906696,29.407818621327266,0.3604690109990445,36.81961524850677,298.0525223289989
"(67, 928.9900861364011)",59.711656260264995,29.706493269257212,0.3641300426565311,37.88660865875809,300.3865910335842
"(68, 928.9900861364011)",59.555713685940354,30.00713953529017,0.3678152416021735,38.97125577833499,302.72545719994935
"(69, 928.9900861364011)",59.399049471425464,30.30978395567798,0.37152493310654233,40.073730909101535,305.06924869936586
"(70, 928.9900861364011)",59.241621866827074,30.614451832019277,0.3752594273062684,41.19421125730544,307.4180764394414
"(71, 928.9900861364011)",59.08339182085121,30.92116716345131,0.37901901837297314,42.33287673991265,309.77203378572995
"(72, 928.9900861364011)",58.924323013069014,31.22995258756032,0.3828039837888805,43.48990979059715,312.13119608279237
"(73, 928.9900861364011)",58.764381875515184,31.540829329311276,0.3866145837209785,44.665495165810746,314.49562026673
"(74, 928.9900861364011)",58.6035376045018,31.85381715734851,0.3904510604852208,45.85981975129757,316.86534456091687
"(75, 928.9900861364011)",58.44176216341367,32.16893434707788,0.3943136380940101,47.07307236937146,319.2403882483407
"(76, 928.9900861364011)",58.279030277189186,32.48619765000154,0.3982025218804562,48.3054435873131,321.62075151414405
"(77, 928.9900861364011)",58.11531941911427,32.80562226885327,0.40211789819343163,49.5571255271621,324.00641535254255
"(78, 928.9900861364011)",57.95060979052839,33.12722183808315,0.40605993415845026,50.828311677191046,326.397341533209
"(79, 928.9900861364011)",57.78488429393279,33.45100840934044,0.4100287774996978,52.11919670535041,328.7934726224971
"(80, 928.9900861364011)",57.61812849999297,33.776992441605856,0.41402455641909613,53.42997627491137,331.19473205545
"(81, 928.9900861364011)",57.45033060885264,34.10518279568356,0.4180473795287184,54.76084686259085,333.60102425489004
"(82, 928.9900861364011)",57.28148140614052,34.43558673278518,0.42209733583356335,56.112005579388594,336.01223479457883
"(83, 928.9900861364011)",57.11157421404307,34.76820991697371,0.4261744947614008,57.48364999435845,338.4282306031725
"(84, 928.9900861364011)",56.94060483773744,35.10305642126487,0.43027890623755083,58.87597796158888,340.84886020670996
"(85, 928.9900861364011)",56.7685715075118,35.44012873718703,0.4344106008021903,60.28918745056658,343.27395400722594
"(86, 928.9900861364011)",56.59547481684085,35.77942778764809,0.4385695897679326,61.7234763802742,345.7033245950436
"(87, 928.9900861364011)",56.421317656672535,36.12095294295038,0.44275586541619893,63.17904245695642,348.1367670934351
"(88, 928.9900861364011)",56.246105146189265,36.46470203981641,0.4469694012304209,64.65608301625903,350.5740595331253
"(89, 928.9900861364011)",56.06984456026224,36.810671403305285,0.4512101521646764,66.15479486948074,353.0149632556007
"(90, 928.9900861364011)",55.89254525386085,37.15885587148566,0.45547805494611554,67.67537415444562,355.4592233431867
"(91, 928.9900861364011)",55.714218583607696,37.509248822767056,0.45977302841001094,69.2180161911415,357.90656907466854
"(92, 928.9900861364011)",55.534877826724724,37.86184220577101,0.4640949738658373,70.78291534338513,360.35671440370993
"(93, 928.9900861364011)",55.35453809758568,38.21662657162968,0.4684437754932465,72.370264879322,362.80935846621
"(94, 928.9900861364011)",55.17321626208995,38.57359110861121,0.4728193007664532,73.98025685324718,365.2641860927331
"(95, 928.9900861364011)",54.99093085008372,38.932723678955234,0.4772214009057524,75.61308197181484,367.7208683617541
"(96, 928.9900861364011)",54.807701966045876,39.29401085780873,0.4816499113547914,77.26892948197435,370.1790631551033
"(97, 928.9900861364011)",54.623551198265375,39.657437974144436,0.4861046522821258,78.94798705853951,372.6384157363379
"(98, 928.9900861364011)",54.438501526726895,40.022989153546256,0.49058542910562725,80.65044069902235,375.09855934307757
"(99, 928.9900861364011)",54.25257722982434,40.39064736270281,0.49509203303796495,82.37647462482126,377.5591157925638
"(100, 928.9900861364011)",54.065803790920754,40.76039445567397,0.49962424165361596,84.126271188939,380.0196961006878
"(101, 928.9900861364011)",53.878207802581905,41.13221122124068,0.5041818194693158,85.90001079042798,382.4799011067792
"(102, 928.9900861364011)",53.689816872719966,41.50607743211096,0.5087645185471948,87.69787179564273,384.93932211266053
"(103, 928.9900861364011)",53.50065952885019,41.88197189493584,0.5133720791078498,89.52003046648873,387.39754152393596
"(104, 928.9900861364011)",53.310765123107146,42.25987250152302,0.5180042301581098,91.36666089578283,389.8541334978198
"(105, 928.9900861364011)",53.120163737416114,42.63975628092734,0.5226606901295036,93.2379349498174,392.30866459370105
"(106, 928.9900861364011)",52.92888608917078,43.02159945227427,0.5273411675258226,95.13402221824103,394.7606944248433
"(107, 928.9900861364011)",52.7369634376024,43.40537747817848,0.5320453615778256,97.05508997135628,397.2097763093006
"(108, 928.9900861364011)",52.54442749106344,43.79106511858098,0.5367729629031964,99.0013031248681,399.6554579182636
"(109, 928.9900861364011)",52.351310315400326,44.17863648485948,0.5415236541697984,100.97282421217979,402.0972819199199
"(110, 928.9900861364011)",52.15764424361609,44.56806509404393,0.5462971107601984,102.96981336426053,404.5347866169232
"(111, 928.9900861364011)",51.963461786989384,44.959323922979564,0.55109300143564,104.99242829712189,406.96750657574114
"(112, 928.9900861364011)",51.768795547805766,45.35238546229071,0.5559109889974396,107.04082430691169,409.39497324599165
"(113, 928.9900861364011)",51.57367813387695,45.74722176997291,0.5607507309439407,109.11515427265576,411.81671556800563
"(114, 928.9900861364011)",51.37814207495361,46.143804524483514,0.5656118801212571,111.2155686665978,414.23226056702066
"(115, 928.9900861364011)",51.18221974118523,46.54210507716949,0.570494085365924,113.34221557216456,416.6411339322326
"(116, 928.9900861364011)",50.98594326372769,46.942094503897195,0.5753969921377254,115.49524070948247,419.04286057916926
"(117, 928.9900861364011)",50.78934445759604,47.34374365574792,0.5803202431411585,117.6747874684364,421.4369651939657
"(118, 928.9900861364011)",50.592454746839906,47.747023208657204,0.5852634789338312,119.88099694919833,423.8229727580314
"(119, 928.9900861364011)",50.395305092130606,48.15190371186229,0.5902263385203393,122.11400801016751,426.20040905181526
"(120, 928.9900861364011)",50.19792592078483,48.55835563506126,0.5952084599303211,124.37395732326097,428.5688011365228
"(17, 929.1680119261056)",67.50901472428258,17.01761399106247,0.20859495102003386,3.792215633950829,190.02754030315742
"(18, 929.1680119261056)",67.36565743713746,17.19964517158266,0.2108262147685633,4.108944685125897,191.78403015328624
"(19, 929.1680119261056)",67.21785442858882,17.388795309277885,0.21314473978203916,4.441202341256534,193.6060717745279
"(20, 929.1680119261056)",67.0662670826115,17.584447061830026,0.21554295893086017,4.788827539945146,195.48679509451242
"(21, 929.1680119261056)",66.91150227503,17.786027417722654,0.21801384847425392,5.151679333223399,197.41981482595833
"(22, 929.1680119261056)",66.75411077627703,17.993009691549894,0.22055095251796336,5.529634799787854,199.39925527973708
"(23, 929.1680119261056)",66.59458798854483,18.204913431715546,0.2231483818828582,5.9225871268125605,201.41975123181018
"(24, 929.1680119261056)",66.4333761980138,18.421302949928037,0.22580079608008075,6.330443883213524,203.4764329018471
"(25, 929.1680119261056)",66.27086772821538,18.641785005091585,0.22850337492114517,6.753125489500111,205.56490110438588
"(26, 929.1680119261056)",66.10740855165582,18.866006027494706,0.2312517844931574,7.190563879420161,207.6811969724511
"(27, 929.1680119261056)",65.9433020532082,19.09364915265006,0.2340421408008487,7.642701343208437,209.82176933164584
"(28, 929.1680119261056)",65.77881274328863,19.324431244933358,0.23687097328355997,8.109489539382826,211.98344178950427
"(29, 929.1680119261056)",65.61416979648979,19.55810002485788,0.2397351896025637,8.590888660894105,214.163380850848
"(30, 929.1680119261056)",65.44957034700734,19.7944313660897,0.24263204250886358,9.086866741059396,216.35906582647175
"(31, 929.1680119261056)",65.28518251133256,20.033226794610822,0.24555909918924584,9.597399084839262,218.56826091919768
"(32, 929.1680119261056)",65.12114813389059,20.2743112002793,0.24851421321510261,10.122467811416087,220.7889896170411
"(33, 929.1680119261056)",64.95758526809887,20.517530756127915,0.25149549903851487,10.662061494540364,223.01951135544027
"(34, 929.1680119261056)",64.79459041394045,20.7627510325581,0.2545013088763364,11.216174887618745,225.25830031359845
"(35, 929.1680119261056)",64.6322405374937,21.009855288997663,0.2575302117704734,11.784808721258162,227.50402616042155
"(36, 929.1680119261056)",64.47059489887032,21.258742924003542,0.2605809745895637,12.367969561640415,229.7555365435115
"(37, 929.1680119261056)",64.30969671392317,21.509328064949433,0.2636525447420779,12.96566971896206,232.01184111829303
"(38, 929.1680119261056)",64.14957467146708,21.76153828011913,0.2667440343896692,13.57792719540601,234.27209693159168
"(39, 929.1680119261056)",63.99024432835157,22.015313396929965,0.26985470596143424,14.204765664713122,236.53559498237652
"(40, 929.1680119261056)",63.83170939793798,22.270604412570574,0.2729839588009561,14.846214473621252,238.80174781318107
"(41, 929.1680119261056)",63.673962933838936,22.527372493122787,0.2761313168979465,15.50230865891919,241.07007809368318
"(42, 929.1680119261056)",63.516988461244225,22.785588028006728,0.2792964172980429,16.17308897336311,243.34020782554336
"(43, 929.1680119261056)",63.36076099301469,23.045229772445275,0.28247899959144196,16.858601914190768,245.61184854706454
"(44, 929.1680119261056)",63.20524801485511,23.306284030203212,0.2856788958953109,17.55889975432353,247.88479199396738
"(45, 929.1680119261056)",63.05041038738268,23.568743899019232,0.28889602160453554,18.27404056303412,250.1589014846134
"(46, 929.1680119261056)",62.896203192692944,23.832608564347794,0.29213036673476583,19.004088218229423,252.43410386395706
"(47, 929.1680119261056)",62.74257654057758,24.097882637096326,0.29538198780461367,19.74911241869136,254.71038194850266
"(48, 929.1680119261056)",62.58947630488548,24.364575538637745,0.298651000297413,20.5091886723438,256.9877675337462
"(49, 929.1680119261056)",62.436844818519546,24.63270092574283,0.3019375716122779,21.28439827734028,259.2663348634361
"(50, 929.1680119261056)",62.284621518452134,24.902276155438155,0.3052419145045465,22.074828288175112,261.5461945685327
"(51, 929.1680119261056)",62.13274354417391,25.173321787618825,0.30856428098896294,22.880571467664353,263.8274880502586
"(52, 929.1680119261056)",61.981146291302174,25.44586112365269,0.3119049566842101,23.70172622479927,266.1103822873663
"(53, 929.1680119261056)",61.82976392204406,25.719919779319838,0.31526425557802035,24.5383965387801,268.3950650480127
"(54, 929.1680119261056)",61.67852983431051,25.995525290394916,0.3186425151926616,25.39069186971199,270.68174048698734
"(55, 929.1680119261056)",61.52737709128036,26.272706749252773,0.32204009213056384,26.258727056618532,272.97062510883734
"(56, 929.1680119261056)",61.37623881329338,26.551494470850844,0.32545735798006825,27.14262220356274,275.2619440775001
"(57, 929.1680119261056)",61.22504853400672,26.83191968644924,0.3288946955612063,28.04250255469129,277.55592785295653
"(58, 929.1680119261056)",61.0737405227258,27.11401426347154,0.3323524954917728,28.958498359132562,279.852809135638
"(59, 929.1680119261056)",60.922250074926865,27.397810449865478,0.33583115305398387,29.890744726631894,282.15282009939
"(60, 929.1680119261056)",60.77051377286427,27.68334064143889,0.3393310653423354,30.839381474864062,284.4561898940412
"(61, 929.1680119261056)",60.618469718243915,27.970637170585853,0.34285262867413385,31.804552969302,286.7631423994822
"(62, 929.1680119261056)",60.46605773880501,28.259732114958762,0.34639623624410754,32.78640795654675,289.07389421307624
"(63, 929.1680119261056)",60.31321957068204,28.55065712461442,0.34996227600570434,33.78509939189438,291.388652853461
"(64, 929.1680119261056)",60.15989901827165,28.843443266288123,0.35355112876226935,34.80078426199279,293.7076151642755
"(65, 929.1680119261056)",60.00604209330714,29.138120883479356,0.3571631664519668,35.83362340329459,296.0309659021121
"(66, 929.1680119261056)",59.85159713473433,29.434719471109176,0.36079875061153116,36.88378131699736,298.3588764941418
"(67, 929.1680119261056)",59.69651491086711,29.733267563616806,0.3644582310043902,37.95142598114519,300.69150395130936
"(68, 929.1680119261056)",59.54074870526718,30.033792635373807,0.3681419444001926,39.036728660454344,303.02898992448354
"(69, 929.1680119261056)",59.384254387631,30.336321012442436,0.3718502134930366,40.13986371442559,305.37145989119716
"(70, 929.1680119261056)",59.22699047087503,30.64087779473718,0.3755833459473713,41.2610084042766,307.71902246219713
"(71, 929.1680119261056)",59.06891815569481,30.94748678772023,0.37934163356086237,42.40034269909829,310.07176879744947
"(72, 929.1680119261056)",58.910001363217226,31.25617044286874,0.38312535153448823,43.55804908173091,312.42977212205983
"(73, 929.1680119261056)",58.750206757319745,31.56694980618601,0.38693475784159154,44.73431235472625,314.7930873340545
"(74, 929.1680119261056)",58.58950375686921,31.879844474107205,0.39077009268722174,45.92931944675179,317.161750695614
"(75, 929.1680119261056)",58.42786453899257,32.194872556222876,0.39463157805133886,47.143259219798175,319.5357796014261
"(76, 929.1680119261056)",58.265264034004055,32.51205064427734,0.3985194173087756,48.37632227750699,321.91517241723807
"(77, 929.1680119261056)",58.101679912615104,32.83139378698414,0.4024337949204963,49.62870077490428,324.29990838325136
"(78, 929.1680119261056)",57.937092566005326,33.152915470229225,0.40637487619097346,50.90058822984077,326.6899475772433
"(79, 929.1680119261056)",57.77148507930871,33.47662760227155,0.4103428070867739,52.192179336386594,329.08523093260857
"(80, 929.1680119261056)",57.60484319893095,33.80254050363291,0.4143377141126352,53.503669780478255,331.4856803075661
"(81, 929.1680119261056)",57.4371552941779,34.13066290135204,0.4183597042410232,54.835256058012696,333.89119860161236
"(82, 929.1680119261056)",57.26841231355984,34.4610019273504,0.4224088648921188,56.187135295678594,336.3016699160944
"(83, 929.1680119261056)",57.098607736120144,34.793563120678556,0.42648526396134473,57.559505074753325,338.7169597559897
"(84, 929.1680119261056)",56.92773751813244,35.12835043342498,0.43058894989176555,58.95256325807166,341.1369152702096
"(85, 929.1680119261056)",56.75580003544637,35.46536624010914,0.43471995178927186,60.36650782042875,343.5613655282215
"(86, 929.1680119261056)",56.58279602178449,35.80461135038323,0.4388782795782741,61.80153668269625,345.99012183059824
"(87, 929.1680119261056)",56.40872850323267,36.1460850249029,0.4430639241961584,63.25784754962577,348.4229780518975
"(88, 929.1680119261056)",56.23360272918713,36.489784994214524,0.4472768578249154,64.73563775203107,350.8597110137009
"(89, 929.1680119261056)",56.057426099998196,36.83570748054192,0.45151703415810146,66.23510409307876,353.3000808863759
"(90, 929.1680119261056)",55.8802080915271,37.18384722234981,0.45578438870197713,67.75644269923009,355.74383161794134
"(91, 929.1680119261056)",55.701960176869335,37.534197501563135,0.4600788391091016,69.29984887592661,358.1906913883479
"(92, 929.1680119261056)",55.52269574543955,37.8867501733383,0.4644002855433394,70.86551696932564,360.6403730868947
"(93, 929.1680119261056)",55.3424300196637,38.24149569827204,0.4687486110745795,72.45364022685906,363.0925748184312
"(94, 929.1680119261056)",55.161179969473245,38.5984231769444,0.47312368210219286,74.06441067915306,365.54698041490025
"(95, 929.1680119261056)",54.97896422485446,38.957520386672456,0.47752534880553366,75.69801900629459,368.0032599876632
"(96, 929.1680119261056)",54.79580298664162,39.31877382037846,0.48195344562034936,77.35465442586387,370.4610704821325
"(97, 929.1680119261056)",54.611717935801764,39.68216872743989,0.4864077917395662,79.03450458059551,372.92005625542447
"(98, 929.1680119261056)",54.42673214142429,40.04768915641325,0.4908881916369123,80.73775543329305,375.3798496679779
"(99, 929.1680119261056)",54.24086996752903,40.41531799947362,0.4953944356116486,82.46459116812348,377.84007168840714
"(100, 929.1680119261056)",54.05415697971782,40.78503703862486,0.49992630035505126,84.21519409844046,380.30033251203565
"(101, 929.1680119261056)",53.86661984950087,41.156826993000415,0.5044835495301379,85.98974458131812,382.760232185025
"(102, 929.1680119261056)",53.67828626051978,41.5306675680248,0.5090659343743031,87.78842093892284,385.21936124295377
"(103, 929.1680119261056)",53.48918481289266,41.90653750538265,0.5136731943118145,89.6113993868706,387.6773013515701
"(104, 929.1680119261056)",53.299344928303064,42.28441463419444,0.5183050575811013,91.45885396969172,390.1336259541859
"(105, 929.1680119261056)",53.108796755262,42.66427592305987,0.5229612418726759,93.3309565035129,392.58790092172865
"(106, 929.1680119261056)",52.917571074846734,43.046097532852066,0.5276414549762787,95.22787652605757,395.039685204049
"(107, 929.1680119261056)",52.72569920715808,43.429854870090686,0.5323453954350815,97.14978125404963,397.4885314803816
"(108, 929.1680119261056)",52.533212918670586,43.81552264074669,0.5370727532052332,99.09683554808865,399.9339868072978
"(109, 929.1680119261056)",52.340144330684105,44.20307490431468,0.5418232103186126,101.0692018850608,402.3755932621047
"(110, 929.1680119261056)",52.146525829056316,44.59248512799176,0.5465964415469904,103.0670403381221,404.81288857997873
"(111, 929.1680119261056)",51.952389975390574,44.98372624080957,0.5513921150655055,105.09050856429653,407.24540678284967
"(112, 929.1680119261056)",51.757769419850824,45.376770687554185,0.5562098931136168,107.13976179968728,409.67267879832366
"(113, 929.1680119261056)",51.562696815736636,45.77159048233087,0.5610494326516772,109.21495286232897,412.09423306689945
"(114, 929.1680119261056)",51.367204735981844,46.16815726161104,0.5659103860111536,111.31623216265513,414.50959613566346
"(115, 929.1680119261056)",51.17132559167741,46.56644233662708,0.5707924015368723,113.4437477215654,416.91829323697755
"(116, 929.1680119261056)",50.97509155275513,46.966416744961926,0.5756951242193641,115.59764519606274,419.31984885039617
"(117, 929.1680119261056)",50.778534470905534,47.36805130121011,0.5806181963158681,117.77806791242256,421.71378724651385
"(118, 929.1680119261056)",50.581685804833036,47.771316646572274,0.5855612579582381,119.98515690682116,424.09963301118444
"(119, 929.1680119261056)",50.384576547905105,48.176183297268324,0.5905239477463617,122.21905097339422,426.4769115488482
"(120, 929.1680119261056)",50.1872371582531,48.58262169165292,0.5955059033256673,124.4798867196212,428.84514956374875
"(17, 929.3301270189222)",67.46854015529152,17.06218210572364,0.20914124873836656,3.826076327897104,190.53518692702508
"(18, 929.3301270189222)",67.32638671268488,17.243276503248584,0.21136102978414648,4.143166167813197,192.28100648833785
"(19, 929.3301270189222)",67.17976043834103,17.43151268087784,0.2136683518489999,4.47579878189587,194.09263778185897
"(20, 929.3301270189222)",67.02931758839354,17.62627716389712,0.21605569521083628,4.823811884845159,195.96325478860285
"(21, 929.3301270189222)",66.87566140620066,17.826999626665202,0.21851606905124074,5.1870633926909555,197.88650281437418
"(22, 929.3301270189222)",66.7193402724872,18.033155095256316,0.2210430384545819,5.565429339225311,199.85652566441976
"(23, 929.3301270189222)",66.56084820795786,18.24426404530288,0.22363072560731623,5.958801957581679,201.86796867639924
"(24, 929.3301270189222)",66.40062691745298,18.45989109855198,0.2262737938209151,6.3670879518753845,203.91596560076906
"(25, 929.3301270189222)",66.23906876450442,18.679642849124217,0.2289674208870389,6.790206960340419,205.99611537580645
"(26, 929.3301270189222)",66.07652023310378,18.90316520613394,0.2317072665044574,7.228090213828941,208.10445319796568
"(27, 929.3301270189222)",65.91328556795764,19.130140524168876,0.23448943710564324,7.680679372133379,210.23741899784966
"(28, 929.3301270189222)",65.74963038818186,19.360284704481092,0.23731045032435802,8.147925530177789,212.39182541267547
"(29, 929.3301270189222)",65.5857851466983,19.593344383607114,0.24016720053491034,8.629788378512032,214.56482660037514
"(30, 929.3301270189222)",65.42194836352688,19.82909427815375,0.2430569263056182,9.126235503928722,216.75388869250028
"(31, 929.3301270189222)",65.25828960041333,20.067334720641536,0.24597718019421688,9.637241815789505,218.95676229785838
"(32, 929.3301270189222)",65.09495216981232,20.307889398777007,0.24892580103667455,10.162789084121256,221.17145721157846
"(33, 929.3301270189222)",64.93205558858811,20.550603295240986,0.25190088869416744,10.702865575803704,223.39621931052628
"(34, 929.3301270189222)",64.76969779551025,20.79534081670423,0.25490078111913195,11.257465775948962,225.62950951871642
"(35, 929.3301270189222)",64.60795715653877,21.04198409583188,0.2579240335419309,11.826590182066441,227.86998467068892
"(36, 929.3301270189222)",64.44689428301713,21.290431448256946,0.26096939955726456,12.410245159347438,230.1164800792571
"(37, 929.3301270189222)",64.28655368713689,21.54059596649221,0.2640358138886358,13.008442846315143,232.36799361235526
"(38, 929.3301270189222)",64.12696529555186,21.79240423422716,0.26712237662901067,13.621201100236972,234.62367110199793
"(39, 929.3301270189222)",63.96814584287839,22.045795145246853,0.27022833876333574,14.248543474353985,236.88279291268918
"(40, 929.3301270189222)",63.81010016006902,22.30071881365395,0.2733530888107344,14.890499217148685,239.14476152834584
"(41, 929.3301270189222)",63.652822359066576,22.557135571827175,0.2764961405417169,15.54710328740978,241.40909012246576
"(42, 929.3301270189222)",63.496296965924756,22.81501502308078,0.2796571213661692,16.218396378271407,243.67539174269677
"(43, 929.3301270189222)",63.34049993904793,23.074335182076013,0.2828357617967386,16.90442494401373,245.94336949204293
"(44, 929.3301270189222)",63.18539965692915,23.335081655241407,0.28603188540298635,17.60524122965175,248.21280716336736
"(45, 929.3301270189222)",63.03095782293292,23.597246883788035,0.28924539953230943,18.3209032900972,250.48356059690286
"(46, 929.3301270189222)",62.87713031461644,23.860829435017372,0.2924762866233098,19.051475001004285,252.75554959665894
"(47, 929.3301270189222)",62.72386799277175,24.125833337642142,0.2957245960582959,19.79702606974761,255.02875034772794
"(48, 929.3301270189222)",62.57111744046904,24.392267464467835,0.2989904365964893,20.55763202242765,257.30318839723077
"(49, 929.3301270189222)",62.41882166070218,24.66014495507134,0.30227396929743583,21.33337418381817,259.5789320978817
"(50, 929.3301270189222)",62.26692072389687,24.929482678535013,0.30557540093546215,22.124339642421536,261.8560865227896
"(51, 929.3301270189222)",62.115352368736765,25.200300734049208,0.3088949778782071,22.93062120144792,264.13478782561344
"(52, 929.3301270189222)",61.96405255800643,25.472621987636764,0.31223298040803876,23.752317315758322,266.415198026341
"(53, 929.3301270189222)",61.81295599114739,25.746471643334054,0.3155897174657124,24.58953201504699,268.69750020322925
"(54, 929.3301270189222)",61.66199657531423,26.021876847149016,0.3189655217958995,25.442374813749307,270.98189407149073
"(55, 929.3301270189222)",61.51110785676764,26.298866322147795,0.32236074547418575,26.310960608333048,273.2685919291065
"(56, 929.3301270189222)",61.360223414447624,26.57747003304104,0.32577575579574364,27.19540956274826,275.55781495059557
"(57, 929.3301270189222)",61.20927721769064,26.85771887861442,0.3292109315052582,28.09584698287694,277.8497898089224
"(58, 929.3301270189222)",61.05820395002646,27.13964441038639,0.33266665934830153,29.012403180854292,280.1447456062633
"(59, 929.3301270189222)",60.90693930103023,27.42327857587655,0.33614333092453436,29.945213330210226,282.4429110944509
"(60, 929.3301270189222)",60.75542022818972,27.70865348491416,0.3396413398230981,30.894417312708057,284.74451216596856
"(61, 929.3301270189222)",60.60358519072084,27.995801197436847,0.3431610790215923,31.860159557804632,287.04976959728214
"(62, 929.3301270189222)",60.45137435724168,28.284753531280668,0.3467029385300364,32.84258887557762,289.3588970263747
"(63, 929.3301270189222)",60.29872978910625,28.575541888538275,0.3502673032624459,33.84185828397365,291.6720991474905
"(64, 929.3301270189222)",60.14559560120801,28.868197099086295,0.3538545511188101,34.85812483113892,293.98957010632853
"(65, 929.3301270189222)",59.991918101915275,29.162749279980225,0.35746505126170225,35.89154941359637,296.3114920802669
"(66, 929.3301270189222)",59.8376459137259,29.459227709492602,0.36109916257220154,36.942296590940046,298.6380340287104
"(67, 929.3301270189222)",59.6827300761872,29.757660714603617,0.36475723227084306,38.01053439770832,300.96935059962476
"(68, 929.3301270189222)",59.5271241324566,30.05807557088026,0.36843959469037985,39.096434153015956,303.30558117939495
"(69, 929.3301270189222)",59.37078420081603,30.360498413733954,0.37214657018797404,40.200170268490666,305.6468490739554
"(70, 929.3301270189222)",59.213669032391394,30.66495416009359,0.3758784641851506,41.32192005503946,307.9932608098239
"(71, 929.3301270189222)",59.05574005623383,30.971466439687052,0.3796355663254631,42.46186352888629,310.34490554525684
"(72, 929.3301270189222)",58.896961412510436,31.280057535088375,0.38341814973958216,43.62018321731896,312.7018545815271
"(73, 929.3301270189222)",58.73729997531282,31.59074832985596,0.38722647040962865,44.79706396454843,315.0641609663207
"(74, 929.3301270189222)",58.57672536533645,31.903558264089376,0.3910607666243782,45.992692738025426,317.43185918112505
"(75, 929.3301270189222)",58.4152099535853,32.218505296823544,0.39492125851833393,47.207258435579696,319.8049649057362
"(76, 929.3301270189222)",58.25272885668764,32.535605874726,0.398808147688034,48.44095169367864,322.18347485342315
"(77, 929.3301270189222)",58.08925992447222,32.85487490663082,0.40272161687985886,49.69396469711127,324.5673666711137
"(78, 929.3301270189222)",57.924783720394856,33.17632574347322,0.40666182974411996,50.966490990392614,326.95659889945773
"(79, 929.3301270189222)",57.75928349532595,33.49997016325666,0.4106289306507441,52.25872529113132,329.35111098816884
"(80, 929.3301270189222)",57.592745155183664,33.82581836070535,0.41462304456251,53.570863305640316,331.75082336260937
"(81, 929.3301270189222)",57.42515722283845,34.15387894131083,0.4186442769620075,54.90310154704199,334.15563753780526
"(82, 929.3301270189222)",57.256510794666845,34.48415891950659,0.42269271382929235,56.25563715608082,336.56543627686835
"(83, 929.3301270189222)",57.08679949213479,34.81666372072685,0.4267684216671184,57.628667724924455,338.9800837906437
"(84, 929.3301270189222)",56.91601940871679,35.15139718714841,0.4308714475713169,59.02239112415572,341.39942597612315
"(85, 929.3301270189222)",56.74416905245085,35.48836158692969,0.4350018193440447,60.437005333179506,343.8232906912838
"(86, 929.3301270189222)",56.571249284433776,35.82755762676717,0.43915954564769843,61.87270827437518,346.2514880639726
"(87, 929.3301270189222)",56.3972632534946,36.16898446763062,0.44334461619779114,63.32969765092681,348.6838108333218
"(88, 929.3301270189222)",56.222216327315515,36.51263974352856,0.44755700199297177,64.80817078904028,351.1200347212962
"(89, 929.3301270189222)",56.046116020226165,36.85851958318337,0.4517966555806902,66.30832448428583,353.5599188332413
"(90, 929.3301270189222)",55.86897191792393,37.206618634483334,0.4560635113569506,67.83035485257662,356.00320608547395
"(91, 929.3301270189222)",55.69079559932305,37.55693009161025,0.4603574858988297,69.37445718591805,358.44962365855304
"(92, 929.3301270189222)",55.511600555779985,37.90944572471919,0.46467847832824716,70.94082581419882,360.89888347355065
"(93, 929.3301270189222)",55.331402107898676,38.26415591206674,0.4690263707058124,72.52965396580893,363.3506826974478
"(94, 929.3301270189222)",55.1502173201487,38.62104967447467,0.4734010284532521,74.1411336496413,365.80470425370794
"(95, 929.3301270189222)",54.96806491351658,38.98011471201727,0.4778023008030922,75.77545552141669,368.26061737385425
"(96, 929.3301270189222)",54.78496517640259,39.341337442821626,0.4822300212743068,77.43280877179919,370.71807815138993
"(97, 929.3301270189222)",54.60093987400422,39.70470304386024,0.4866840081722842,79.11338101414233,373.1767301186847
"(98, 929.3301270189222)",54.41601215639359,40.0701954936188,0.4911640651118534,80.8173581794798,375.6362048380491
"(99, 929.3301270189222)",54.23020646541383,40.437797616484126,0.4956699815613761,82.54492441791538,378.0961225059851
"(100, 929.3301270189222)",54.043548441416235,40.807491128907024,0.5002015334085835,84.29626200653841,380.5560925711202
"(101, 929.3301270189222)",53.85606482766567,41.179256686656906,0.5047584835398127,86.07155126404389,383.0157143578888
"(102, 929.3301270189222)",53.66778337663896,41.5530739339431,0.5093405824421064,87.87097047221064,385.4745777046039
"(103, 929.3301270189222)",53.478732754444906,41.928921553343834,0.5139475688152292,89.69469580435207,387.93226360377116
"(104, 929.3301270189222)",53.28894244599152,42.30677731694115,0.5185791701984604,91.54290126088445,390.38834484901804
"(105, 929.3301270189222)",53.09844266030809,42.68661813833365,0.5232351036081259,93.41575861211413,392.8423866847844
"(106, 929.3301270189222)",52.90726423636451,43.06842012539008,0.5279150761842532,95.31343734834132,395.2939474571746
"(107, 929.3301270189222)",52.71543854958992,43.4521586335912,0.5326187858444227,97.23610463736532,397.7425792640961
"(108, 929.3301270189222)",52.522997419292835,43.837808319801795,0.537345921942831,99.18392528947697,400.18782860275405
"(109, 929.3301270189222)",52.32997301717767,44.225343196308565,0.5420961659327305,101.15706172996737,402.62923701276776
"(110, 929.3301270189222)",52.13639777714546,44.61473668496788,0.5468691920301068,103.15567397922224,405.0663417128522
"(111, 929.3301270189222)",51.9423043065457,45.00596167130447,0.5516646678768148,105.17991964042902,407.49867622938285
"(112, 929.3301270189222)",51.747725299056505,45.398990558399824,0.5564822552011089,107.2299538948928,409.9257710149301
"(113, 929.3301270189222)",51.55269344932726,45.79379532042208,0.5613216104738139,109.30592950499883,412.3471540550966
"(114, 929.3301270189222)",51.357241369537014,46.19034755564318,0.5661823855581634,111.40799682477707,414.76235146186724
"(115, 929.3301270189222)",51.16140150799146,46.58861853879511,0.5710642283515743,113.53630381808414,417.1708880518472
"(116, 929.3301270189222)",50.96520606985874,46.988579272631576,0.5759667834176563,115.69099608433693,419.57228790787366
"(117, 929.3301270189222)",50.76868694016344,47.390200538548285,0.5808896926067176,117.87221689177969,421.96607492240383
"(118, 929.3301270189222)",50.57187560910153,47.7934529461452,0.5858325956632581,120.0801072182198,424.3517733213408
"(119, 929.3301270189222)",50.37480309975196,48.19830698160395,0.5907951308189549,122.3148057991741,426.728908166966
"(120, 929.3301270189222)",50.17749989824672,48.604733054763166,0.5957769353697157,124.57644918334799,429.0970058387341
"(17, 929.4758164567753)",67.43234776853018,17.10211907789267,0.20963077980646386,3.8565816747738735,190.9901585403096
"(18, 929.4758164567753)",67.29126159868387,17.28238195854911,0.2118403684586094,4.1739941694370835,192.72650526213297
"(19, 929.4758164567753)",67.14567935817678,17.469806275512294,0.21413773906752348,4.50696220974102,194.52888764425327
"(20, 929.4758164567753)",66.99625266773992,17.663782057503653,0.21651541485478595,4.855322417957801,196.39051957967177
"(21, 929.4758164567753)",66.84358145823447,17.863741434887032,0.2189664351066978,5.218931693824313,198.30507435360315
"(22, 929.4758164567753)",66.68821190150452,18.069161022846323,0.22148438438627546,5.597665135040609,200.26671387481903
"(23, 929.4758164567753)",66.53063670823126,18.27956218568155,0.22406339577290174,5.991414119194706,202.2700936049007
"(24, 929.4758164567753)",66.37129698943411,18.49450988035944,0.22669813668703676,6.400084573193321,204.3103511132198
"(25, 929.4758164567753)",66.21058507344263,18.713610608517612,0.2293837837867191,6.823595432633309,206.38308428447183
"(26, 929.4758164567753)",66.04884783506382,18.93650986409368,0.23211599168165545,7.261877295653937,208.48432358532682
"(27, 929.4758164567753)",65.88639022651364,19.162889349776005,0.23489085881359115,7.714871254204875,210.6105015197909
"(28, 929.4758164567753)",65.72347880238412,19.39246414748117,0.23770489277322282,8.182527895130331,212.75842139103116
"(29, 929.4758164567753)",65.5603451082577,19.624979961889412,0.24055497651255048,8.664806455688183,214.92522674105507
"(30, 929.4758164567753)",65.39718885821273,19.860210508202318,0.24343833632505688,9.161674119453169,217.10837229315814
"(31, 929.4758164567753)",65.23418086611771,20.09795508111,0.24635251204716463,9.673105438295178,219.30559683292074
"(32, 929.4758164567753)",65.07146572149485,20.338036319167216,0.2492953296548318,10.199081866437293,221.51489820334845
"(33, 929.4758164567753)",64.90916421831182,20.580298163276485,0.2522648762394639,10.739587323489,223.7345144825541
"(34, 929.4758164567753)",64.74737555413303,20.824603999287973,0.2552594772407286,11.294628260030507,225.96288275662536
"(35, 929.4758164567753)",64.5861793222565,21.070834969581107,0.25827767575052446,11.864192753667865,228.19866078710913
"(36, 929.4758164567753)",64.425637320834,21.31888843648709,0.26131821367827274,12.448291056657805,230.44066895698083
"(37, 929.4758164567753)",64.26579520240699,21.56867658023569,0.26438001456515153,13.0469351515123,232.6878947412861
"(38, 929.4758164567753)",64.10668398399025,21.820125115475147,0.2674621678517358,13.660142763611816,234.93947407167943
"(39, 929.4758164567753)",63.94832143889321,22.07317211101574,0.27056391441081373,14.287937336331229,237.19467791440096
"(40, 929.4758164567753)",63.79071338472825,22.32776689989383,0.273684633187481,14.930348028374198,239.45289985523277
"(41, 929.4758164567753)",63.63385486870839,22.583869076425028,0.27682382890538687,15.587409727021397,241.71364465950373
"(42, 929.4758164567753)",63.477731302147454,22.841447547435063,0.27998112043710766,16.25916307051099,243.9765174402524
"(43, 929.4758164567753)",63.322319480437194,23.10047967096468,0.2831562302467836,16.945654473261875,246.24121382019
"(44, 929.4758164567753)",63.16758857298392,23.360950434706254,0.2863489743196911,17.64693615404393,248.5075105433111
"(45, 929.4758164567753)",63.01350103023088,23.62285169697726,0.28955925285838746,18.363066153750104,250.77525680941346
"(46, 929.4758164567753)",62.86001343535712,23.88618147592626,0.2927870415701789,19.094108344976,253.04436616642982
"(47, 929.4758164567753)",62.707077315735944,24.15094328276909,0.2960323834941133,19.84013244182882,255.31480890400735
"(48, 929.4758164567753)",62.554639884303775,24.417145502442555,0.2992953814092855,20.601213985819356,257.5866050113183
"(49, 929.4758164567753)",62.402644739468116,24.684800814336764,0.30257619073450703,21.377434324775827,259.85981759856105
"(50, 929.4758164567753)",62.2510325148044,24.953925653167932,0.30587501291978375,22.168880576935027,262.1345467904077
"(51, 929.4758164567753)",62.09974148194746,25.224539707822696,0.30919208930345604,22.97564558103345,264.41092406627257
"(52, 929.4758164567753)",61.94870810836198,25.496665456450224,0.31252769541345554,23.797827832423145,266.68910702735286
"(53, 929.4758164567753)",61.79786757173393,25.77032773609732,0.3158821356921532,24.635531405476158,268.96927457109774
"(54, 929.4758164567753)",61.64715423274385,26.045553345231326,0.31925573862420964,25.488865862794963,271.25162245345314
"(55, 929.4758164567753)",61.496502068018415,26.322370677515462,0.32264885224751166,26.35794615184529,273.5363592197521
"(56, 929.4758164567753)",61.345845065215855,26.600809385145872,0.3260618400265722,27.2428924898134,275.8237024842832
"(57, 929.4758164567753)",61.1951175820873,26.880900070161083,0.3294950770686519,28.143830237490427,278.1138755393829
"(58, 929.4758164567753)",61.044254671573064,27.162674002032922,0.33294894666214336,29.060889763106573,280.40710427411244
"(59, 929.4758164567753)",60.89319237481849,27.446162859975715,0.33642383711790075,29.99420629700142,282.7036143836806
"(60, 929.4758164567753)",60.741867984142615,27.73139849835251,0.3399201388936744,30.943919778056046,285.0036288502424
"(61, 929.4758164567753)",60.590220277881464,28.018412733640442,0.34343824198282447,31.910174692758655,287.3073656767067
"(62, 929.4758164567753)",60.438189728982344,28.307237151467177,0.3469785335490572,32.893119907801484,289.6150358556831
"(63, 929.4758164567753)",60.28571868924541,28.59790293224491,0.35054139578910976,33.89290849701056,291.9268415559699
"(64, 929.4758164567753)",60.132751550916716,28.89044069405458,0.35412720400688685,34.90969756339938,294.2429745104568
"(65, 929.4758164567753)",59.97923488738644,29.184880351432902,0.35773632488255835,35.943648057090904,296.5636145893713
"(66, 929.4758164567753)",59.82511757456094,29.481250988841076,0.3613691149215371,36.99492458979508,298.88892854416287
"(67, 929.4758164567753)",59.67035089442173,29.779580747642825,0.3650259190691617,38.06369524646809,301.2190689082258
"(68, 929.4758164567753)",59.51488862219684,30.079896725501694,0.36870706947748577,39.15013139477272,303.5541730411984
"(69, 929.4758164567753)",59.35868709846592,30.382224887176523,0.372412884411921,40.25440749286091,305.89436230493203
"(70, 929.4758164567753)",59.201705287374566,30.686589985798125,0.3761436672862191,41.37670089598669,308.23974135991745
"(71, 929.4758164567753)",59.04390482224189,30.9930154937486,0.37989970581522137,42.51719166243506,310.59039757185656
"(72, 929.4758164567753)",58.88525003919975,31.301523542350594,0.3836812712756498,43.67606235914769,312.94640051896044
"(73, 929.4758164567753)",58.725708000426046,31.612134869678588,0.38748861786631766,44.8534978675005,315.30780159150254
"(74, 929.4758164567753)",58.565248507234614,31.924868775796067,0.39132198215952235,46.04968518953454,317.67463367567115
"(75, 929.4758164567753)",58.40384410415257,32.23974308486339,0.39518158263652464,47.26481325503229,320.0469109147321
"(76, 929.4758164567753)",58.241470074586324,32.5567741135648,0.3990676193005689,48.49907272971224,322.42462854114564
"(77, 929.4758164567753)",58.078104428721154,32.87597664539225,0.40298027336164827,49.75265582487962,324.8077627739129
"(78, 929.4758164567753)",57.91372788425999,33.19736391034367,0.40691970698766766,51.025756108781366,327.1962707759328
"(79, 929.4758164567753)",57.74832384048924,33.52094756967519,0.41088606311753745,52.318568319954636,329.5900906669286
"(80, 929.4758164567753)",57.58187834618269,33.846737705351345,0.4148794653318432,53.631288182819944,331.98914158764546
"(81, 929.4758164567753)",57.4143800617454,34.17474281390553,0.41890001777762786,54.96411222576702,334.3933238118513
"(82, 929.4758164567753)",57.24582021601081,34.50496980443618,0.42294780514379315,56.31723760197171,336.8025189026565
"(83, 929.4758164567753)",57.076192558033675,34.83742400050655,0.4270228926843914,57.69086191320372,339.2165899103549
"(84, 929.4758164567753)",56.9054933042036,35.17210914573958,0.4311253262872235,59.085183036818066,341.6353816091927
"(85, 929.4758164567753)",56.73372108100333,35.509027412910044,0.43525513258528287,60.50039895618123,344.0587207705265
"(86, 929.4758164567753)",56.56087686366301,35.848179416381285,0.43941231910917106,61.936707594856195,346.48641647030564
"(87, 929.4758164567753)",56.38696391100854,36.18956422771433,0.4435968744784718,63.39430665444846,348.91826042910276
"(88, 929.4758164567753)",56.21198769672425,36.533179394329515,0.44780876863046654,64.8733934568591,351.35402738244693
"(89, 929.4758164567753)",56.035955837301906,36.879020961073394,0.45204795308448553,66.37416479066863,353.7934754801476
"(90, 929.4758164567753)",55.8588780168847,37.22708349458052,0.4563143612405977,67.89681676216702,356.23634671288943
"(91, 929.4758164567753)",55.68076590923735,37.57736011031946,0.46060790871099566,69.44154465112823,358.68236736447227
"(92, 929.4758164567753)",55.50163309709908,37.929842502183305,0.4649284936828293,71.00854277268195,361.13124848718456
"(93, 929.4758164567753)",55.32149498908922,38.28452097455098,0.4692759973111432,72.59800433796168,363.5826864063807
"(94, 929.4758164567753)",55.14036873443072,38.64138447668119,0.4736502841404712,74.2101213361965,366.0363632302516
"(95, 929.4758164567753)",54.95827313569452,39.000420639338344,0.47805120255378136,75.8450844010787,368.4919474007405
"(96, 929.4758164567753)",54.77522855979502,39.36161581353291,0.4824785852473468,77.50308269895856,370.949094246729
"(97, 929.4758164567753)",54.59125684744773,39.724955111265054,0.48693224973015314,79.18430381665806,373.40744656041045
"(98, 929.4758164567753)",54.406381221338165,40.09042244813899,0.49141199884625475,80.88893365654421,375.86663518773435
"(99, 929.4758164567753)",54.220626193092926,40.458000587706536,0.4959176213183241,82.61715633799666,378.3262796321546
"(100, 929.4758164567753)",54.03401747009085,40.827671187587654,0.5004488923129676,84.36915410539699,380.7859886720874
"(101, 929.4758164567753)",53.84658185993829,41.19941484668541,0.5050055740194808,86.14510724284897,383.24536098413034
"(102, 929.4758164567753)",53.658347176838,41.57321115426978,0.509587416251475,87.94519399572897,385.7039857807093
"(103, 929.4758164567753)",53.46934214607929,41.9490387398687,0.5141941570584504,89.76959049923316,388.1614434499734
"(104, 929.4758164567753)",53.27959630926161,42.32687532437394,0.5188255233522086,91.61847071404055,390.6173062023672
"(105, 929.4758164567753)",53.089139929689566,42.706697772015914,0.5234812315439554,93.49200636918239,393.0711387199338
"(106, 929.4758164567753)",52.89800389824669,43.08848214309083,0.528160988190594,95.39036691225023,395.5224988068193
"(107, 929.4758164567753)",52.706219639978706,43.472203747270235,0.5328644906481765,97.31371946699512,397.97093803904244
"(108, 929.4758164567753)",52.513819021572665,43.85783719734298,0.5375914277306513,99.2622287984082,400.41600241170244
"(109, 929.4758164567753)",52.320834259934905,44.245356463224056,0.5423414803718869,101.23605728533447,402.85723298170126
"(110, 929.4758164567753)",52.12729783204802,44.634734926074074,0.5471143222890387,103.23536490065923,405.2941665041403
"(111, 929.4758164567753)",51.93324238628544,45.02594543236721,0.5519096206452954,105.26030919911572,407.7263360605193
"(112, 929.4758164567753)",51.73870065534414,45.41896034775296,0.556727036710089,107.31104531269196,410.1532716769791
"(113, 929.4758164567753)",51.54370537095091,45.81375161055489,0.5615662265148749,109.38772595369126,412.57450093077244
"(114, 929.4758164567753)",51.34828918047826,46.21029078475775,0.5664268415026055,111.49050142539525,414.9895495432714
"(115, 929.4758164567753)",51.1524845655954,46.60854911233595,0.5713085291691683,113.61951964033369,417.39794195789847
"(116, 929.4758164567753)",50.956323763069506,47.00849756478049,0.5762109336949724,115.77492614611117,419.79920190134413
"(117, 929.4758164567753)",50.75983868781076,47.41010689369216,0.5811336965651099,117.95686415876679,422.1928529266326
"(118, 929.4758164567753)",50.56306085824725,47.81334768031044,0.5860764571764447,120.16547460359745,424.57841893657286
"(119, 929.4758164567753)",50.366021324097346,48.218190383856694,0.591038853430197,122.40089616338905,426.95542468631965
"(120, 929.4758164567753)",50.16875059659331,48.624605388579184,0.5960205223085964,124.66326533398514,429.3233962637911
"(17, 929.6045275897247)",67.40051426482073,17.137312010755597,0.21006216038135753,3.8835912627096154,191.39114410307926
"(18, 929.6045275897247)",67.26035971155132,17.316848280713774,0.21226284253679395,4.201287581869864,193.11921187939862
"(19, 929.6045275897247)",67.1156894143503,17.5035626999725,0.21455151151003743,4.534550758449752,194.91350574249998
"(20, 929.6045275897247)",66.96715088027844,17.696848411996115,0.21692072870192086,4.883216454830958,196.76727507453703
"(21, 929.6045275897247)",66.81534107877754,17.896139748021028,0.21936356037613106,5.2471406765617985,198.67421823729157
"(22, 929.6045275897247)",66.66080418478712,18.10091476523372,0.22187360877116732,5.626197696736669,200.62851356961173
"(23, 929.6045275897247)",66.50403170023966,18.310695654766104,0.22444501710137896,6.020278138454306,202.62482595394079
"(24, 929.6045275897247)",66.34546415766754,18.525047712596077,0.2270724569426845,6.429287242516164,204.65829682232615
"(25, 929.6045275897247)",66.18549380034446,18.7435774009455,0.22975110446998362,6.853143323669866,206.72452361036676
"(26, 929.6045275897247)",66.02446779594997,18.965929887545258,0.23247661029446692,7.29177642049294,208.81953306795555
"(27, 929.6045275897247)",65.86269167191683,19.191786337374246,0.23524506626687247,7.74512712233244,210.93975157249704
"(28, 929.6045275897247)",65.70043276273489,19.42086114390658,0.2380529715392338,8.21314556596887,213.08197458309076
"(29, 929.6045275897247)",65.53792353624394,19.652899221063358,0.24089719937074502,8.695790586834747,215.2433366318944
"(30, 929.6045275897247)",65.37536472194408,19.88767342892883,0.24377496557323294,9.19302901082278,217.42128269908383
"(31, 929.6045275897247)",65.21292820398044,20.124982172059603,0.24668379907222668,9.704835072445062,219.6135414281308
"(32, 929.6045275897247)",65.0507596675651,20.36464718621561,0.24962151477757416,10.231189945391135,221.81810037564716
"(33, 929.6045275897247)",64.8889810055663,20.60651151353805,0.2525861887640494,10.772081371847827,224.0331833098454
"(34, 929.6045275897247)",64.72769250120466,20.850437657368765,0.25557613565388665,11.327503377643797,226.25722947009487
"(35, 929.6045275897247)",64.56697480833913,21.096305902491743,0.2585898880269037,11.897456060708336,228.4888746380213
"(36, 929.6045275897247)",64.40689075232771,21.34401278444807,0.26162617765811386,12.481945441206637,230.72693384576968
"(37, 929.6045275897247)",64.24748697406388,21.593469691261777,0.2646839183781545,13.080983362470583,232.97038554205102
"(38, 929.6045275897247)",64.08879543675188,21.8446015820755,0.26776219036689664,13.694587432083841,235.21835705032507
"(39, 929.6045275897247)",63.9308348160166,22.097345807799847,0.2708602256974211,14.322780995149426,237.47011115714793
"(40, 929.6045275897247)",63.77361178742647,22.351651021167974,0.27397739497594414,14.965593129893442,239.72503369698256
"(41, 929.6045275897247)",63.61712221215013,22.60747617314586,0.2771131950401936,15.623058659338348,241.98262210488005
"(42, 929.6045275897247)",63.46135227255917,22.86478956299549,0.28026723731549,16.295218172187763,244.24247457135561
"(43, 929.6045275897247)",63.30627949359395,23.12356797558622,0.2834392372402584,16.98211804668387,246.50428018843843
"(44, 929.6045275897247)",63.15187373449439,23.38379585818074,0.28662900417541104,17.68381047749053,248.76780954250572
"(45, 929.6045275897247)",62.9980980977222,23.645464559674743,0.2898364320792407,18.40035349225593,251.03290602905798
"(46, 929.6045275897247)",62.844909782645985,23.908571618027622,0.2930614907730751,19.13181096005758,253.29947772478738
"(47, 929.6045275897247)",62.692260899051924,24.17312009171915,0.2963042177464988,19.87825260019431,255.56748976088264
"(48, 929.6045275897247)",62.540099210483945,24.43911793867109,0.2995647105444561,20.63975396706196,257.8369572611698
"(49, 929.6045275897247)",62.38836883609635,24.706577435307086,0.3028431196463424,21.416396428177165,260.10793874445943
"(50, 929.6045275897247)",62.237010902214415,24.97551463582579,0.3061396418379452,22.208267127405705,262.38052999984484
"(51, 929.6045275897247)",62.08596414698236,25.24594886954406,0.3094545140501239,23.015458934262988,264.6548584098103
"(52, 929.6045275897247)",61.93516547981967,25.517902274560015,0.31278800764263903,23.838070379295726,266.93107770107093
"(53, 929.6045275897247)",61.78455049737267,25.791399366069008,0.31614042311271445,24.676205575807053,269.2093631039035
"(54, 929.6045275897247)",61.63405395775204,26.0664666376507,0.3195120852078215,25.52997412843631,271.48990690038846
"(55, 929.6045275897247)",61.48361021487897,26.34313219388286,0.3229033384223678,26.399491029219906,273.77291434205034
"(56, 929.6045275897247)",61.333153614808325,26.62142541263464,0.3263145428582725,27.284876541908545,276.0585999175128
"(57, 929.6045275897247)",61.1826188560205,26.9013766353659,0.3297460704287175,28.186256075368487,278.3471839500876
"(58, 929.6045275897247)",61.03194131557911,27.183016883826873,0.3331983013856461,29.103760046967288,280.638889506335
"(59, 929.6045275897247)",60.88105734319743,27.46637760151091,0.336671621150532,30.037523736839866,282.9339395956672
"(60, 929.6045275897247)",60.72990452514787,27.75149041828558,0.3401664174293455,30.987687133941023,285.2325546423548
"(61, 929.6045275897247)",60.578421919987065,28.03838693663702,0.34368307759244643,31.954394774793478,287.53495021111536
"(62, 929.6045275897247)",60.426550267975976,28.327098538038022,0.34722198630107776,32.93779557575582,289.8413349684235
"(63, 929.6045275897247)",60.274232176064594,28.617656207973905,0.3507835233626532,33.93804265969564,292.1519088621028
"(64, 929.6045275897247)",60.12141228022021,28.91009037824257,0.35436806179770075,34.9552931777837,294.4668615025543
"(65, 929.6045275897247)",59.96803738675707,29.204430785227398,0.3579759661026499,35.98970812720043,296.78637073012874
"(66, 929.6045275897247)",59.814056594338396,29.500706342866692,0.3616075906927114,37.04145216540326,299.1106013533533
"(67, 929.6045275897247)",59.6594213980981,29.79894502918184,0.3652632785110446,38.110693421620645,301.43970404451306
"(68, 929.6045275897247)",59.50408577734699,30.099173785251356,0.3689433597903576,39.19760330614517,303.77381437913607
"(69, 929.6045275897247)",59.3480062681681,30.401418425618246,0.37264815095476594,40.30235631797097,306.11305200751866
"(70, 929.6045275897247)",59.19114202210126,30.70570355919811,0.3763779536502914,41.42512985129383,308.45751994697264
"(71, 929.6045275897247)",59.03345485217451,31.012052519824852,0.3801330538935141,42.56610400131661,310.8073039846029
"(72, 929.6045275897247)",58.87490926694943,31.32048730562259,0.3839137213284523,43.72546136979967,313.1624721809494
"(73, 929.6045275897247)",58.71547249412678,31.63102852652637,0.3877202085832582,44.90338687073111,315.5230744662981
"(74, 929.6045275897247)",58.55511449399471,31.9436953592443,0.3915527507181686,46.10006753650269,317.88914232131765
"(75, 929.6045275897247)",58.39380796382412,32.25850550911493,0.3954115647579831,47.315692324928115,320.2606885354307
"(76, 929.6045275897247)",58.23152833384522,32.5754751782972,0.3992968493021378,48.55045192737548,322.63770703620384
"(77, 929.6045275897247)",58.068253755438214,32.8946190398309,0.40320878420675915,49.804538578389646,325.02017278416196
"(78, 929.6045275897247)",57.90396508212397,33.21595021713918,0.40714753033339013,51.07814586700221,327.40804172789205
"(79, 929.6045275897247)",57.73864584389104,33.53948026858328,0.41111322935970074,52.371468550069544,329.8012508147412
"(80, 929.6045275897247)",57.57228221533422,33.86521917673521,0.4151060036479747,53.68470236783953,332.19971805299457
"(81, 929.6045275897247)",57.404862978003095,34.19317534208054,0.4191259561679243,55.01804386202881,334.6033426220461
"(82, 929.6045275897247)",57.236379477411,34.5233555808564,0.42317317047020075,56.37169019664571,337.01200502695133
"(83, 929.6045275897247)",57.06682557501238,34.855765126811775,0.4272477107079551,57.745838981783756,339.4255672946762
"(84, 929.6045275897247)",56.89619759549509,35.190407636670066,0.43134962170380986,59.14068810063442,341.84387320934223
"(85, 929.6045275897247)",56.72449426970052,35.52728519910089,0.43547892905981617,60.55643553992974,344.2667485839999
"(86, 929.6045275897247)",56.551716673434,35.86639834704121,0.43963563930850313,61.99327922413592,346.69400156685174
"(87, 929.6045275897247)",56.37786816244952,36.207746073205016,0.443819740102971,63.451416853329036,349.1254229800877
"(88, 929.6045275897247)",56.20295430385831,36.55132584864145,0.44803120044437456,64.93104574548359,351.56078668906645
"(89, 929.6045275897247)",56.02698280418418,36.89713364422152,0.4522699709452932,66.4323626828834,353.9998500007344
"(90, 929.6045275897247)",55.84996343433939,37.245163954911405,0.45653598412728075,67.95556376318441,356.4423540891665
"(91, 929.6045275897247)",55.67190795170095,37.59540982674126,0.4608291547514154,69.50084425524847,358.8880244470132
"(92, 929.6045275897247)",55.49283001955533,37.9478628863334,0.4651493801802626,71.06839846104761,361.33657136007866
"(93, 929.6045275897247)",55.312745124110414,38.30251337289297,0.4694965407699883,72.65841957636249,363.7876904111325
"(94, 929.6045275897247)",55.13167048930491,38.65935017254405,0.47387050029125016,74.27109957294364,366.2410629890105
"(95, 929.6045275897247)",54.949624989635296,39.01836085490235,0.4782711063774809,75.90662906491684,368.69635683893625
"(96, 929.6045275897247)",54.76662906123162,39.379531711764244,0.4826981909991315,77.56519719705351,371.1532266151089
"(97, 929.6045275897247)",54.582704611395286,39.742847797801886,0.4871515709624788,79.24699153264037,373.611314456527
"(98, 929.6045275897247)",54.39787492683286,40.108292973137075,0.49163104843150485,80.952197948626,376.07025057698417
"(99, 929.6045275897247)",54.212164580696346,40.47584994764466,0.4961364114709261,82.68100053715143,378.52965386834006
"(100, 929.6045275897247)",54.025599339466226,40.8455003270323,0.500667434611032,84.43358151362321,380.9891325175246
"(101, 929.6045275897247)",53.838206067481345,41.217224660024335,0.5052238794260429,86.21012113149291,383.4482846294017
"(102, 929.6045275897247)",53.65001263337236,41.59100248741046,0.5098054951353265,88.01079760389462,385.90669886402634
"(103, 929.6045275897247)",53.461047814609145,41.96681239190675,0.5144120192145798,89.83578703227916,388.3639550761667
"(104, 929.6045275897247)",53.2713412027844,42.34463204923001,0.5190431780218687,91.6852633421334,390.8196249615553
"(105, 929.6045275897247)",53.080923109057395,42.72443828004792,0.5236986874344212,93.55939822595661,393.2732727058774
"(106, 929.6045275897247)",52.8898244700894,43.106207102674915,0.5283782534945437,95.45836109353793,395.7244556349412
"(107, 929.6045275897247)",52.69807675467763,43.48991378635665,0.5330815730627676,97.38231902964156,398.1727248641598
"(108, 929.6045275897247)",52.50571187128884,43.875532904985214,0.537808334476263,99.33143675917421,400.6176259454489
"(109, 929.6045275897247)",52.31276207668398,44.26303839108501,0.5425582182105785,101.30587661988574,403.0586995096818
"(110, 929.6045275897247)",52.11925988583641,44.652403589902114,0.5473308975426397,103.3057985426371,405.49548190274857
"(111, 929.6045275897247)",51.92523798328874,45.043601313451234,0.5521260392132495,105.33136003929283,407.92750581352584
"(112, 929.6045275897247)",51.730729136147005,45.43660389434712,0.5569433040869151,107.38271619821768,410.3543008917594
"(113, 929.6045275897247)",51.53576610882851,45.831383239282445,0.5617823478073621,109.46001968741712,412.77539435429225
"(114, 929.6045275897247)",51.340381579735826,46.22791088198464,0.566642821446676,111.56342076528679,415.1903115777592
"(115, 929.6045275897247)",51.14460805995683,46.62615803551983,0.5715243721463924,113.69306729895902,417.59857667620213
"(116, 929.6045275897247)",50.94847781411427,47.026095643793624,0.5764266437487886,115.84910479022155,419.99971306200166
"(117, 929.6045275897247)",50.752022783468014,47.42769443211394,0.5813492774166683,118.03167640894782,422.393243988602
"(118, 929.6045275897247)",50.555274511336165,47.83092495669412,0.586291912240137,120.24092303400151,424.7786930736674
"(119, 929.6045275897247)",50.35826407092236,48.235757652965496,0.591254185828808,122.47698330154223,427.15558480129414
"(120, 929.6045275897247)",50.16102199558405,48.642162882595414,0.5962357348881674,124.7399936606725,429.5234450021547
"(17, 929.7157721723564)",67.37310624471061,17.16766190196598,0.2104341769327856,3.9069802395297493,191.7369930589893
"(18, 929.7157721723564)",67.23374850184838,17.346576116678182,0.21262723418947652,4.2249209479241445,193.4579722714175
"(19, 929.7157721723564)",67.08985864132505,17.532682445623806,0.21490844944041218,4.5584383113598115,195.24533670649683
"(20, 929.7157721723564)",66.94208060265618,17.725376737712992,0.2172704172486658,4.9073671665684095,197.092366575985
"(21, 929.7157721723564)",66.79100877118259,17.924095248471012,0.21970622746507582,5.271562749062134,198.9927821697062
"(22, 929.7157721723564)",66.63718556335634,18.128317308857408,0.2222094979415306,5.650898621086985,200.94077634165478
"(23, 929.7157721723564)",66.48110139925613,18.337565854913723,0.22477438102317482,6.045264754709336,202.9310224628151
"(24, 929.7157721723564)",66.32319627220662,18.551406506924316,0.22739555226114438,6.4545657981883195,204.95866566084098
"(25, 929.7157721723564)",66.16386231251452,18.769445724044186,0.2300681877927433,6.878719529646858,207.0193033363782
"(26, 929.7157721723564)",66.00344690255164,18.991328421901652,0.23278793513899776,7.317655503633162,209.10895936652858
"(27, 929.7157721723564)",65.84225603030136,19.216735328869493,0.23555088079890232,7.7713138744407235,211.22405515338946
"(28, 929.7157721723564)",65.68055766996545,19.445380269568656,0.23835351695172416,8.239644389009367,213.3613796737597
"(29, 929.7157721723564)",65.5185850546861,19.677007498508388,0.24119270877385832,8.722605534484337,215.51805994554564
"(30, 929.7157721723564)",65.3565397624058,19.91138915860378,0.2440656632863542,9.22016382654002,217.69153277649113
"(31, 929.7157721723564)",65.19459457569091,20.14832290491804,0.2469699002277579,9.732293224281804,219.87951826929793
"(32, 929.7157721723564)",65.03289610261996,20.387629710814604,0.24990322516279215,10.258974657796934,222.0799952927906
"(33, 929.7157721723564)",64.87156716402168,20.629151857710756,0.25286370484158693,10.80019565473337,224.29117894642545
"(34, 929.7157721723564)",64.71070896180412,20.872751100591888,0.25584964471329835,11.355950052910647,226.51149994173656
"(35, 929.7157721723564)",64.55040304880777,21.118306995892503,0.2588595684299705,11.926237786519277,228.7395857605537
"(36, 929.7157721723564)",64.39071312232544,21.36571537606961,0.2618921991484793,12.511064734164835,230.97424342308008
"(37, 929.7157721723564)",64.23168666326653,21.614886954698953,0.264946442432354,13.110442617882423,233.21444369243235
"(38, 929.7157721723564)",64.07335643987071,21.8657460470934,0.26802137056965764,13.72438894249387,235.4593065553687
"(39, 929.7157721723564)",63.91574189619284,22.11822939185197,0.27111620812802584,14.352926967253158,237.7080878209357
"(40, 929.7157721723564)",63.75885043908086,22.372285061007418,0.2742303185956628,14.996085699980188,239.96016670625775
"(41, 929.7157721723564)",63.60267862401061,22.62787145598011,0.27736319207421317,15.653899907337799,242.21503438412896
"(42, 929.7157721723564)",63.44721329152456,22.88495635672386,0.2805144336235156,16.32641013445451,244.47228312732352
"(43, 929.7157721723564)",63.29243258970802,23.14351605790192,0.28368375267325524,17.013662727580172,246.73159644178713
"(44, 929.7157721723564)",63.13830696735843,23.4035345443291,0.2868709529158386,17.715709859855856,248.99273964411267
"(45, 929.7157721723564)",62.984800084491575,23.66500272876046,0.29007592296354845,18.432609546842546,251.2555511598219
"(46, 929.7157721723564)",62.83186966765728,23.927917737850855,0.2932986275960746,19.164425653967328,253.51993437860955
"(47, 929.7157721723564)",62.6794683251595,24.192282242119823,0.2965390995475705,19.91122790443837,255.78585001072645
"(48, 929.7157721723564)",62.527544292048816,24.45810383341849,0.2997974318758389,20.673091863257323,258.0533090084777
"(49, 929.7157721723564)",62.376042133602745,24.725394442580935,0.30307377082415693,21.45009891444067,260.3223659525282
"(50, 929.7157721723564)",62.22490339844221,24.99416979735409,0.3063683091768133,22.242336223523214,262.59311291193694
"(51, 929.7157721723564)",62.07406722467864,25.264448918461078,0.309681280082055,23.049896686170648,264.8656737526409
"(52, 929.7157721723564)",61.923470900771726,25.536253652068105,0.31301295132125184,23.872878862911865,267.140198874674
"(53, 929.7157721723564)",61.773050382806524,25.80960823697538,0.3163636200037003,24.71138690029435,269.41686035868776
"(54, 929.7157721723564)",61.62274076997708,26.084538904854707,0.3197336076665039,25.565530438905764,271.69584750221117
"(55, 929.7157721723564)",61.47247674008053,26.361073511893785,0.3231232557594121,26.435424508933252,273.97736272627435
"(56, 929.7157721723564)",61.322192946940405,26.639241200175192,0.32653292149415586,27.321189414026765,276.2616178326078
"(57, 929.7157721723564)",61.171824381686605,26.919072087145945,0.3299629740380797,28.222950604272704,278.5488305918278
"(58, 929.7157721723564)",61.02130669985477,27.2005969815393,0.3334137910320311,29.140838539195396,280.8392216430621
"(59, 929.7157721723564)",60.87057651632724,27.483847124105367,0.33688575541234966,30.07498854166702,283.1330116853933
"(60, 929.7157721723564)",60.71957167004371,27.768853951582216,0.34037925251771095,31.025540643642447,285.43041894231067
"(61, 929.7157721723564)",60.56823146046919,28.055648882330594,0.34389466746152464,31.992639424607805,287.7316568803393
"(62, 929.7157721723564)",60.41649685772774,28.34426312212403,0.347432382751401,32.97643384359754,290.03693216380293
"(63, 929.7157721723564)",60.26431068822567,28.63472748865518,0.3509927761380089,33.977077065613145,292.3464428284548
"(64, 929.7157721723564)",60.11161779757494,28.927072253352378,0.3545762186761357,34.99472628321361,294.66037665722416
"(65, 929.7157721723564)",59.95836519250458,29.22132699919107,0.3581830729817881,36.029542534022,296.9789097423086
"(66, 929.7157721723564)",59.80450216336173,29.517520493256143,0.36181369167013444,37.08169051482451,299.3022052188054
"(67, 929.7157721723564)",59.649980388731045,29.815680572878254,0.3654684159597766,38.15133839290329,301.63041215574833
"(68, 929.7157721723564)",59.49475402359824,30.115834044243577,0.369147574429983,39.238657615194455,303.9636645915296
"(69, 929.7157721723564)",59.3387797723624,30.418006592470988,0.37285148191843764,40.343822715805125,306.3020807016025
"(70, 929.7157721723564)",59.18201694791488,30.722222702208846,0.37658043854793716,41.4670111224027,308.6457620871973
"(71, 929.7157721723564)",59.024427518042046,31.028505587889903,0.38033472887150704,42.60840296192667,310.9947931748103
"(72, 929.7157721723564)",58.865976139811124,31.33687713283541,0.3841146211259496,43.76818086605341,313.3492407167509
"(73, 929.7157721723564)",58.70663018350142,31.64735783652391,0.38792036658548235,44.94652977680253,315.70915338460276
"(74, 929.7157721723564)",58.54635974634788,31.959966769321472,0.39175219900685326,46.1436367526422,318.074561447233
"(75, 929.7157721723564)",58.38513765722283,32.27472153411949,0.3956103341591067,47.35969077545542,320.44547652664244
"(76, 929.7157721723564)",58.22293947286665,32.59163823432625,0.3994949694312276,48.59488255864074,322.8218914250849
"(77, 929.7157721723564)",58.059743466327134,32.91073144773663,0.4034062835118692,49.84940435668179,325.2037800177362
"(78, 929.7157721723564)",57.89553060818024,33.23201420585855,0.4073444361359226,51.12344977644517,327.5910972057772
"(79, 929.7157721723564)",57.73028454106856,33.555497978306,0.41130956789322537,52.41721359048753,329.98377892524076
"(80, 929.7157721723564)",57.56399154803189,33.88119266192326,0.4153018000952425,53.73089155260795,332.38174220751
"(81, 929.7157721723564)",57.396640515057655,34.20910657433857,0.41932123469606175,55.06468021592589,334.7848852877891
"(82, 929.7157721723564)",57.22822288824552,34.53924645168028,0.4233679542643879,56.41877675368529,337.19308775826096
"(83, 929.7157721723564)",57.05873262596077,34.87161745020843,0.427442022003547,57.793378783064306,339.60621076287674
"(84, 929.7157721723564)",56.88816614626775,35.20622315166945,0.43154348181712154,59.18868419219145,342.02409723136094
"(85, 929.7157721723564)",56.716522269994286,35.54306557216135,0.43567235841761864,60.60489097059734,344.4465721497906
"(86, 929.7157721723564)",56.54380215967546,35.8821451743578,0.4398286574763011,62.04219704342439,346.8734428656858
"(87, 929.7157721723564)",56.37000925465886,36.22346088292881,0.444012365812212,63.50080010933121,349.3044994258442
"(88, 929.7157721723564)",56.195149202624165,36.56701010301753,0.44822345161866006,64.98089748279865,351.73951494460266
"(89, 929.7157721723564)",56.019229787754,36.91278874164672,0.45246186472560385,66.48268594057049,354.17824600133855
"(90, 929.7157721723564)",55.84226085579696,37.26079123192776,0.456727536896394,68.00636157275596,356.6204330652534
"(91, 929.7157721723564)",55.66425423625141,37.61101055995643,0.46102038215747904,69.55211963869517,359.06580094604027
"(92, 929.7157721723564)",55.48522366188561,37.96343829428893,0.4653402971596516,71.12015442890076,361.5140592677985
"(93, 929.7157721723564)",55.305184685839755,38.31806461787117,0.46968716156948803,72.71065912580251,363.9649029722164
"(94, 929.7157721723564)",55.12415459650234,38.674878362330375,0.4740608384896383,74.32382568596368,366.41801282710514
"(95, 929.7157721723564)",54.94215233042425,39.033867044492624,0.47846117490646506,75.95984470652265,368.87305597613437
"(96, 929.7157721723564)",54.759198383450865,39.39501690503517,0.4828880021638182,77.61890531352286,371.3296864909779
"(97, 929.7157721723564)",54.575314720326375,39.75831294914004,0.48734113646135335,79.30119504983755,373.78754594668334
"(98, 929.7157721723564)",54.390524682994766,40.12373898902848,0.49182037937590384,81.00689977037713,376.2462640111925
"(99, 929.7157721723564)",54.20485289769539,40.49127768823131,0.49632551840411343,82.73620354367164,378.7054590482538
"(100, 929.7157721723564)",54.01832518189687,40.86091060763897,0.5008563275269287,84.48928856001504,381.16473873409404
"(101, 929.7157721723564)",53.83096844889019,41.23261825265099,0.5054125677875059,86.26633504630676,383.62370067986774
"(102, 929.7157721723564)",53.6428106142692,41.60638012219874,0.5099939878921358,88.067521187755,386.0819330686414
"(103, 929.7157721723564)",53.45388050052752,41.98217475858011,0.514600324821081,89.89302305657701,388.5390152945998
"(104, 929.7157721723564)",53.26420774239164,42.35997979850809,0.5192313044543176,91.74301454779189,390.99451860901394
"(105, 929.7157721723564)",53.07382269231441,42.73977202503573,0.5238866422080082,93.61766732226803,393.4480067689333
"(106, 929.7157721723564)",52.88275632646063,43.12152742022668,0.5285660436801137,95.51715075706598,395.8990366870784
"(107, 929.7157721723564)",52.691040151374374,43.50522121842331,0.5332692053033323,97.4416319032061,398.34715908112037
"(108, 929.7157721723564)",52.49870611157132,43.890827959932615,0.5379958150031624,99.39127545089978,400.7919191202615
"(109, 929.7157721723564)",52.30578649820625,44.27832154499142,0.5427455528593835,101.36624370233001,403.23285706744423
"(110, 929.7157721723564)",52.112313859028866,44.66767528783698,0.5475180917688335,103.36669655199061,405.66950891520554
"(111, 929.7157721723564)",51.91832090979313,45.05886197072842,0.5523130981075759,105.39279147465076,408.10140701334063
"(112, 929.7157721723564)",51.7238404472907,45.4518538977582,0.5571302323905086,107.44468352093149,410.5280806865746
"(113, 929.7157721723564)",51.52890526414618,45.84662294830633,0.5619691499265717,109.52252532051114,412.9490568405142
"(114, 929.7157721723564)",51.333548065534686,46.243140629975294,0.5668295014676141,111.62646709295048,415.3638605540842
"(115, 929.7157721723564)",51.13780138792401,46.64137813087148,0.5717109338492283,113.75665666611113,417.7720156569032
"(116, 929.7157721723564)",50.9416975199735,47.0413063710806,0.5766130906217194,115.91323950214495,420.17304528991576
"(117, 929.7157721723564)",50.7452684256741,47.442896053209694,0.5815356126696334,118.09635873098993,422.5664724478827
"(118, 929.7157721723564)",50.54854566981675,47.846117711864345,0.5864781388182144,120.30615519134601,424.9518205022367
"(119, 929.7157721723564)",50.35156034586196,48.250941761937675,0.5914403064253244,122.54276747904568,427.3286137030299
"(120, 929.7157721723564)",50.154343006256894,48.65733854560147,0.5964217519574327,124.80633200276348,429.69637765873074
"(17, 929.8091282158641)",67.3501804129128,17.19308372881784,0.21074578728719756,3.926640091193428,192.02671666148166
"(18, 929.8091282158641)",67.2114854382497,17.371480117149417,0.2129324972399401,4.244785238092631,193.74179438940297
"(19, 929.8091282158641)",67.06824504486073,17.557080003422346,0.21520750472375907,4.578515276661684,195.52338707604818
"(20, 929.8091282158641)",66.92110017078562,17.749281515697874,0.21756343223863597,4.927664353583643,197.3648009078737
"(21, 929.8091282158641)",66.77064301635858,17.947522539301602,0.219993389612831,5.292087060203254,199.25977474895606
"(22, 929.8091282158641)",66.61741450007081,18.151283492989077,0.2224910080319907,5.671656363575814,201.2025138505183
"(23, 929.8091282158641)",66.46190410851588,18.36008795887136,0.22505044776051927,6.066261690440337,203.18769894635793
"(24, 929.8091282158641)",66.3045513553672,18.573501851116845,0.22766638795185967,6.4758071914903175,205.21047851408304
"(25, 929.8091282158641)",66.14574824871109,18.791131647900748,0.23033400497646025,6.9002101951835275,207.2664501704475
"(26, 929.8091282158641)",65.98584232429148,19.012622074129737,0.2330489440175563,7.33939984941027,209.35163561918145
"(27, 929.8091282158641)",65.82513993099028,19.237653511479948,0.2358072873244789,7.793315942908359,211.46245231121313
"(28, 929.8091282158641)",65.66390955581934,19.46593932553105,0.23860552144975714,8.261907894881645,213.59568399180873
"(29, 929.8091282158641)",65.50238505185901,19.69722323429815,0.24144050499365052,8.745133899511682,215.74845156463252
"(30, 929.8091282158641)",65.34076868855,19.931276794264708,0.24430943778898384,9.242960211391017,217.91818515409193
"(31, 929.8091282158641)",65.17923398371207,20.167897045484835,0.24720983203576355,9.755360557730505,220.102597853833
"(32, 929.8091282158641)",65.01792830289234,20.406904334132975,0.25013948561088784,10.282315663391737,222.29966138483255
"(33, 929.8091282158641)",64.8569752303007,20.64814031456098,0.253096457578172,10.823812875177222,224.50758370010632
"(34, 929.8091282158641)",64.69647672494708,20.89146612389939,0.2560790458133671,11.379845872361459,226.72478846971572
"(35, 929.8091282158641)",64.53651508162508,21.136760716451104,0.25908576658783783,11.950414450961995,228.94989631321437
"(36, 929.8091282158641)",64.37715471816212,21.38391934276936,0.26211533592570807,12.535524370046799,231.18170761904423
"(37, 929.8091282158641)",64.21844381034296,21.63285215769892,0.2651666525418194,13.135187249164563,233.41918678266353
"(38, 929.8091282158641)",64.0604157929695,21.883482942732385,0.26823878218088526,13.749420506217412,235.66144770707658
"(39, 929.8091282158641)",63.903090746876764,22.135747928398008,0.271330943182812,14.378247327781573,237.907740411017
"(40, 929.8091282158641)",63.74647668533939,22.38959470456937,0.27444249312570806,15.021696661975975,240.15743861662693
"(41, 929.8091282158641)",63.59057073998853,22.64498121609601,0.27757291651473437,15.679803227597723,242.41002829330228
"(42, 929.8091282158641)",63.43536029785224,22.901874811248703,0.28072181311836186,16.35260753266362,244.66509679409717
"(43, 929.8091282158641)",63.28082402469892,23.160251376996694,0.2838888873689078,17.040155896054845,246.92232297860096
"(44, 929.8091282158641)",63.12693285937485,23.420094513354247,0.28707393824207655,17.742500472373422,249.1814677779866
"(45, 929.8091282158641)",62.97365092553884,23.6813947700228,0.2902768498999563,18.459699266575015,251.44236548015056
"(46, 929.8091282158641)",62.82093638832027,23.944148931135675,0.293497582923776,19.191816140595424,253.704915571224
"(47, 929.8091282158641)",62.66874227093899,24.208359344004485,0.2967361660859203,19.938920820516355,255.96907507795103
"(48, 929.8091282158641)",62.51701720101095,24.474033295410067,0.2999926887047692,20.701088879851966,258.23485147586257
"(49, 929.8091282158641)",62.36570611539114,24.741182428081355,0.30326729349213205,21.478401716108262,260.5022960621956
"(50, 929.8091282158641)",62.2147509145519,25.00982219752929,0.3065601698953397,22.27094651266004,262.7714978034329
"(51, 929.8091282158641)",62.06409106994548,25.279971367064302,0.3098715479073694,23.078816186789247,265.04257763186223
"(52, 929.8091282158641)",61.91366418603204,25.551651539266256,0.31320169232381595,23.902109323889682,267.3156831714509
"(53, 929.8091282158641)",61.763406518645006,25.824886722250245,0.3165508974263319,24.74093009811023,269.59098387381687
"(54, 929.8091282158641)",61.61325345148889,26.099702929042962,0.3199194820719556,25.595388179930985,271.86866654466485
"(55, 929.8091282158641)",61.46313993259199,26.37612780841983,0.32330778516806497,26.465598631297826,274.14893124122256
"(56, 929.8091282158641)",61.3130008726262,26.65419030553364,0.32671616151250793,27.351681789093874,276.4319875208846
"(57, 929.8091282158641)",61.16277150700824,26.9339203506955,0.3301449779787873,28.253763137764235,278.7180510215377
"(58, 929.8091282158641)",61.01238772378379,27.215348574647532,0.3335946100260162,29.17197317198606,281.0073403538152
"(59, 929.8091282158641)",60.86178635927283,27.498506048706936,0.33706543851368703,30.10644725028322,283.3000742858261
"(60, 929.8091282158641)",60.71090546345324,27.783424048183537,0.34055784680175666,31.057325440491255,285.59646920132195
"(61, 929.8091282158641)",60.559684537057,28.07013383750204,0.3440722181167526,32.02475235796358,287.8967368124728
"(62, 929.8091282158641)",60.40806474226878,28.358666475527194,0.34760893316553293,33.00887699735801,290.20108210933273
"(63, 929.8091282158641)",60.25598908889122,28.64905263963127,0.35116836797877904,34.0098525588609,292.5097015284754
"(64, 929.8091282158641)",60.103402597772,28.941322467104335,0.3547508919670617,35.02783626959499,294.82278132409886
"(65, 929.8091282158641)",59.950252443166725,29.23550541259784,0.35835686617345847,36.06298920096203,297.14049612595045
"(66, 929.8091282158641)",59.79648807569282,29.531630120330373,0.36198664170707573,37.11547608259624,299.4630076688482
"(67, 929.8091282158641)",59.64206132733533,29.829724309909192,0.3656405583435213,38.18546511356878,301.7904636801826
"(68, 929.8091282158641)",59.48692649999576,30.129814674636965,0.3693189432783819,39.27312777142376,304.1229969118527
"(69, 929.8091282158641)",59.33104043884982,30.43192679131354,0.373022110021604,40.378638619600466,306.46072430482934
"(70, 929.8091282158641)",59.17436259176317,30.736085040568543,0.37675035742097623,41.50217511372491,308.8037462748882
"(71, 929.8091282158641)",59.01685505598963,31.04231253688263,0.3805039688043446,42.64391740724286,311.15214610940114
"(72, 929.8091282158641)",58.8584826128504,31.350631067461876,0.38428321123037,43.80404815681811,313.505989465285
"(73, 929.8091282158641)",58.69921275193157,31.661061039299582,0.38808833483962857,44.98275232787349,315.8653239601079
"(74, 929.8091282158641)",58.53901568507217,31.973621433714563,0.3919195722973612,46.18021700065146,318.2301788478922
"(75, 929.8091282158641)",58.37786435128221,32.28832976780645,0.3957771383210102,47.39663117712966,320.6005647728983
"(76, 929.8091282158641)",58.21573441319489,32.60520206227668,0.3996612292857798,48.63218558908161,322.9764735948099
"(77, 929.8091282158641)",58.05260424570278,32.92425281514518,0.40357202290246746,49.88707250763201,325.357878279624
"(78, 929.8091282158641)",57.88845491737423,33.24549498092758,0.407509677962227,51.16148555451527,327.7447328510706
"(79, 929.8091282158641)",57.72327016516425,33.56893995489508,0.41147433414363255,52.45561951536769,330.1369723979265
"(80, 929.8091282158641)",57.55703636291457,33.89459756207018,0.41546611187778965,53.76967015527523,332.534513133047
"(81, 929.8091282158641)",57.38974248405517,34.22247605066513,0.41948511226790836,55.10383403683241,334.93725250052535
"(82, 929.8091282158641)",57.22138005892258,34.55258208968379,0.4235314170599138,56.45830834095675,337.3450693275513
"(83, 929.8091282158641)",57.05194312703143,34.88492077046038,0.42760508866129304,57.833290690687654,339.7578240181365
"(84, 929.8091282158641)",56.8814281846513,35.21949561191112,0.43170617020548707,59.228978978216276,342.17535878595714
"(85, 929.8091282158641)",56.70983412797711,35.55630856931835,0.4358346856595442,60.64557119534501,344.59749792399094
"(86, 929.8091282158641)",56.53716219218521,35.895360046471986,0.4399906399729549,62.0832652677134,347.02404810867995
"(87, 929.8091282158641)",56.36341588664271,36.236648911014676,0.4441740192657498,63.54225889271698,349.45479873690624
"(88, 929.8091282158641)",56.18860092652049,36.58017251285092,0.44838479105413864,65.022749381833,351.889522293468
"(89, 929.8091282158641)",56.01272516105201,36.92592670548974,0.4526229045121314,66.52493350709565,354.32797474786156
"(90, 929.8091282158641)",55.83579849868388,37.27390587019304,0.45688829076753196,68.04900735221004,356.76989597838514
"(91, 929.8091282158641)",55.65783282933034,37.624102942820684,0.4611808632310126,69.59516616846163,359.2150102222059
"(92, 929.8091282158641)",55.47884194397493,37.976509443251665,0.46550051795671,71.16360423561997,361.6630265497418
"(93, 929.8091282158641)",55.298841451829894,38.33111550727364,0.46984713403314327,72.75451472806198,364.11363936201724
"(94, 929.8091282158641)",55.117848695291826,38.68790992082365,0.47422057400291673,74.36808958633337,366.5665289093453
"(95, 929.8091282158641)",54.93588266289954,39.046880156475304,0.4786206843099618,76.00451939433525,369.02136182999067
"(96, 929.8091282158641)",54.75296390053355,39.40801241204948,0.48304729577281524,77.66399326233854,371.4777917072135
"(97, 929.8091282158641)",54.56911442107303,39.77129165123547,0.4875002240825277,79.34669871603707,373.93545964317644
"(98, 929.8091282158641)",54.38435761274648,40.13670164609505,0.49197927032367594,81.05282159179029,376.39399484814385
"(99, 929.8091282158641)",54.19871814627439,40.504225021304926,0.4964842215166512,82.78254593827226,378.85301524305714
"(100, 929.8091282158641)",54.012221881857606,40.87384330017677,0.5010148511817664,84.53605392465074,381.3121280758683
"(101, 929.8091282158641)",53.82489577380424,41.24553695178623,0.5055709199169406,86.3135257554999,383.7709305437631
"(102, 929.8091282158641)",53.636767777063376,41.61928543996794,0.5101521759982572,88.11513959254611,386.2290104298195
"(103, 929.8091282158641)",53.44786675185727,41.995067273130914,0.5147583559905885,89.94107148343144,388.68594674200904
"(104, 929.8091282158641)",53.258222369061045,42.372860055283184,0.5193891853730258,91.79149529756825,391.1413103588728
"(105, 929.8091282158641)",53.06786501573174,42.75264053793851,0.5240443791751326,93.6665826692373,393.59466467801644
"(106, 929.8091282158641)",52.87682570113294,43.13438467276735,0.5287236426223251,95.56650294800053,396.0455662657796
"(107, 929.8091282158641)",52.6851359634488,43.51806766484185,0.5334266717885199,97.49142315651704,398.49356550625646
"(108, 929.8091282158641)",52.492827777401516,43.9036640263094,0.5381531542540435,99.44150795585274,400.93820724771695
"(109, 929.8091282158641)",52.299933462964304,44.29114763033537,0.5429027697668479,101.41691961830497,403.37903144458585
"(110, 929.8091282158641)",52.10648559535599,44.680491765154976,0.5476751909050455,103.41781800781807,405.8155737930591
"(111, 929.8091282158641)",51.91251691648614,45.07166918807674,0.5524700837388682,105.44436056800023,408.2473663585822
"(112, 929.8091282158641)",51.71806024802055,45.464652179278204,0.5572871084900725,107.49670231776663,410.6739381933274
"(113, 929.8091282158641)",51.5231484062235,45.85941259523658,0.5621259201868675,109.57499585460022,413.0948159418914
"(114, 929.8091282158641)",51.3278141187017,46.25592192164992,0.5669861693126028,111.67939136544796,415.5095244335556
"(115, 929.8091282158641)",51.13208994319153,46.654151325695636,0.571867502446336,113.8100366451899,417.91758725942134
"(116, 929.8091282158641)",50.93600818849156,47.054071707487694,0.5767695628935665,115.9670771226879,420.31852733282415
"(117, 929.8091282158641)",50.73960083763818,47.455653750599666,0.5816919913055311,118.15065589434526,422.7118674316006
"(118, 929.8091282158641)",50.542899473415794,47.858867971519146,0.586634426285398,120.36091376513116,425.0971307207084
"(119, 929.8091282158641)",50.3459352062584,48.263684767918306,0.5915965049799389,122.59798929701675,427.4738412539323
"(120, 929.8091282158641)",50.14873860460416,48.670074465623664,0.5965778636552738,124.86201886472436,429.8415244534684
"(17, 929.884241588798)",67.33178375405994,17.213506522542925,0.210996121538464,3.942479321972742,192.2594891329997
"(18, 929.884241588798)",67.19361816642997,17.391489023235124,0.21317775822582782,4.260788529309866,193.9698495021142
"(19, 929.884241588798)",67.05089674352486,17.57668396303286,0.21544780204140396,4.59468926477067,195.74682673847371
"(20, 929.884241588798)",66.90425800398745,17.768491309115607,0.21779889802832927,4.944015121742249,197.5837479902067
"(21, 929.884241588798)",66.75429237978875,17.966350267598962,0.22022417220456347,5.308620174627843,199.4743671753335
"(22, 929.884241588798)",66.60153957002899,18.16974214451548,0.2227172666316419,5.688376912504479,201.41289965798995
"(23, 929.884241588798)",66.44648829381646,18.378191055269454,0.22527234811085298,6.083174323721721,203.3940322502665
"(24, 929.884241588798)",66.28957766139952,18.59126316452417,0.2278840988661034,6.492916159411431,205.41291628484177
"(25, 929.884241588798)",66.13119956479669,18.808564979748482,0.2305476956269116,6.917519385731659,207.46514971234407
"(26, 929.884241588798)",65.97170164577882,19.02974108593125,0.23325878186145835,7.356912823399503,209.54675264176953
"(27, 929.884241588798)",65.81139052699028,19.254471598608355,0.23601343655683543,7.811035966756099,211.6541394906627
"(28, 929.884241588798)",65.65053509240177,19.482469525969783,0.23880814188483324,8.279837970930394,213.78408993087783
"(29, 929.884241588798)",65.48936967934084,19.713478165395987,0.2416397512897499,8.763276793948938,215.93372007182592
"(30, 929.884241588798)",65.32809710033222,19.94726861154465,0.2445054589435333,9.26131847986225,218.10045477416617
"(31, 929.884241588798)",65.16689145247224,20.183637418821277,0.24740277109331185,9.773936568791427,220.28200159627985
"(32, 929.884241588798)",65.00590069969364,20.422404436995066,0.2503294795312479,10.301111619953147,222.47632660127982
"(33, 929.884241588798)",64.84524903036285,20.66341082330888,0.25328363722779734,10.842830834138184,224.68163207628436
"(34, 929.884241588798)",64.68503900358557,20.906517224426786,0.25626353604677904,11.39908776253729,226.89633610118543
"(35, 929.884241588798)",64.52535350294997,21.151602116149732,0.25926768639427056,11.96988208950294,229.11905384171567
"(36, 929.884241588798)",64.36625751868372,21.398560286164688,0.26229479862077165,12.555219477446185,231.34858041071652
"(37, 929.884241588798)",64.20779977907019,21.64730144452969,0.265343765989117,13.155111462986023,233.58387513411952
"(38, 929.884241588798)",64.050014249305,21.897748947483826,0.26841364903142945,13.769575393655233,235.8240470680173
"(39, 929.884241588798)",63.892921517262536,22.149838620563504,0.2715036611233909,14.398634397129534,238.06834161517682
"(40, 929.884241588798)",63.73653007937783,22.40351766909342,0.2746131551294676,15.042317373099605,240.31612811477228
"(41, 929.884241588798)",63.5808375265684,22.65874367360265,0.2777416110891353,15.700659001468322,242.56688838380313
"(42, 929.884241588798)",63.42583168172383,22.915483637739115,0.2808886245466075,16.37369976003311,244.82020584740965
"(43, 929.884241588798)",63.271491623692384,23.17371312286118,0.2840538959430084,17.061485945322353,247.07575565398537
"(44, 929.884241588798)",63.11778868249307,23.4334154215505,0.2872372204856499,17.764069696702023,249.3332952306709
"(45, 929.884241588798)",62.9646873520348,23.69458079333879,0.29043847877984186,18.481509010296175,251.59265555810126
"(46, 929.884241588798)",62.81214614781889,23.95720574850402,0.29365762805000944,19.21386774494216,253.85373300110618
"(47, 929.884241588798)",62.66011842461757,24.221292375877717,0.29689469390019474,19.961215628768695,256.1164816403523
"(48, 929.884241588798)",62.508553123871295,24.486847718177025,0.30014976265713594,20.723628241887493,258.38090616960113
"(49, 929.884241588798)",62.35739547953944,24.75388318759268,0.3034229742068058,21.501186992417697,260.6470552584953
"(50, 929.884241588798)",62.20658767350866,25.022414021737262,0.30671451532562594,22.29397907786335,262.91501538998205
"(51, 929.884241588798)",62.05606944393321,25.292458777824187,0.3100246134803247,23.10209743268843,265.1849051473235
"(52, 929.884241588798)",61.90577864814321,25.564038863373828,0.31335353107552627,23.925640662084366,267.45686993125327
"(53, 929.884241588798)",61.75565178189466,25.83717810173081,0.31670156012805206,24.76471296221944,269.73107708744334
"(54, 929.884241588798)",61.60562445667216,26.111902330757058,0.3200690173478384,25.61942402744358,272.0077114251229
"(55, 929.884241588798)",61.45563183689906,26.388239033028757,0.32345623960506437,26.489888945084758,274.28697110723505
"(56, 929.884241588798)",61.30560903896072,26.666216995873032,0.326863579763008,27.37622807860102,276.56906389232324
"(57, 929.884241588798)",61.155491493970516,26.945865999593913,0.33029140285645797,28.278566939926296,278.8542037085513
"(58, 929.884241588798)",61.00521527626166,27.227216532237737,0.33374008259541,29.197036051875344,281.14260754014026
"(59, 929.884241588798)",60.85471739960266,27.510299529263797,0.33720999817407216,30.131770801516268,283.4344926067407
"(60, 929.884241588798)",60.70393608312046,27.79514613651966,0.340701531365503,31.082911285420476,285.7300738165323
"(61, 929.884241588798)",60.552810988878505,28.081787494963955,0.3442150638828357,32.050602147667824,288.02956147446247
"(62, 929.884241588798)",60.40128343304071,28.370254545613065,0.3477509749883912,33.034992411460244,290.333159227385
"(63, 929.884241588798)",60.24929657246518,28.660577853260218,0.3513096393329007,34.036235305177044,292.6410622287314
"(64, 929.884241588798)",60.09679556851987,28.952787447568124,0.35489142500768817,35.05448808363771,294.95345550600416
"(65, 929.884241588798)",59.943727729833,29.24691268020552,0.3584966917934996,36.08991184531822,297.2705125151732
"(66, 929.884241588798)",59.790042635569364,29.542982096786623,0.3621257895907994,37.1426713461795,299.59239386720566
"(67, 929.884241588798)",59.6356922407795,29.841023322425116,0.36577905701692964,38.21293481076913,301.9192462124842
"(68, 929.884241588798)",59.48063096523427,30.141062959808757,0.369456820156755,39.300873741167955,304.2512012701051
"(69, 929.884241588798)",59.324815767067136,30.44312649877685,0.3731593914542998,40.40666272432324,306.5883749898957
"(70, 929.884241588798)",59.16820620245413,30.747238236444826,0.376887068733664,41.530479238270296,308.930866835758
"(71, 929.884241588798)",59.01076447255627,31.053421207033495,0.38064013433890365,42.67250345769953,311.2787591802901
"(72, 929.884241588798)",58.85245545841719,31.361697120568515,0.38441885438263435,43.83291805929912,313.6321168007314
"(73, 929.884241588798)",58.69324674538931,31.672086309768822,0.3882234780950044,45.011908027244935,315.9909864680935
"(74, 929.884241588798)",58.53310863730856,31.984607684435133,0.3920542372646214,46.209660459227074,318.35539662126007
"(75, 929.884241588798)",58.372014161605826,32.29927869275751,0.3959113457642548,47.42636437331392,320.7253571190805
"(76, 929.884241588798)",58.209939065931366,32.61611528900235,0.3997949991547806,48.66221051600415,323.10085906403316
"(77, 929.884241588798)",58.04686180694737,32.93513190710669,0.4037053743614934,49.91739117173811,325.4818746917209
"(78, 929.884241588798)",57.88276353190918,33.25634143973225,0.4076426294173653,51.19209997414836,327.8683573208818
"(79, 929.884241588798)",57.71762805350633,33.579755222422456,0.4116069032688531,52.486531719339006,330.2602413595322
"(80, 929.884241588798)",57.55144181850012,33.905383022494526,0.41559831563973343,53.80088218141243,332.65744236282296
"(81, 929.884241588798)",57.384193870550966,34.23323303238267,0.4196169669495148,55.13534793053347,335.0598571391078
"(82, 929.884241588798)",57.215875807644125,34.56331186715682,0.423662938283018,56.49012615373273,337.46736390085323
"(83, 929.884241588798)",57.04648173448055,34.8956245659744,0.42773629140817493,57.86541447871536,339.87982245738044
"(84, 929.884241588798)",56.876008210143176,35.230174597262305,0.43183706883954065,59.26141080088887,342.29707444689694
"(85, 929.884241588798)",56.704454191368214,35.566963867427596,0.43596529394507505,60.67831311383331,344.7189436053202
"(86, 929.884241588798)",56.531820971687296,35.90599273293523,0.44012097109418,62.11631934353653,347.14523606970033
"(87, 929.884241588798)",56.358112116716406,36.24726001559456,0.44430408584507436,63.57562718633232,349.5757407145188
"(88, 929.884241588798)",56.183333395847136,36.5907630209119,0.4485146051697613,65.05643395123833,352.01022951854435
"(89, 929.884241588798)",56.007492710575896,36.93649755938291,0.452752477715005,66.55893640644858,354.448457961018
"(90, 929.884241588798)",55.830600019722056,37.284457970593145,0.45701763409775986,68.083330630478,356.8901654452242
"(91, 929.884241588798)",55.652667261744064,37.63463715002005,0.46130998723370603,69.62981186808825,359.3350757480646
"(92, 929.884241588798)",55.473708274396884,37.987026578415524,0.46562943269737134,71.19857439122127,361.7828974939962
"(93, 929.884241588798)",55.29373871195149,38.34161635365526,0.46997584911257667,72.78981136515822,364.2333246519415
"(94, 929.884241588798)",55.11277596019857,38.6983952249479,0.4743490985717158,74.40371472010266,366.68603705358726
"(95, 929.884241588798)",54.930839049452366,39.05735062929145,0.47874902708265404,76.04047502840093,369.14070093172774
"(96, 929.884241588798)",54.747948565799504,39.41846873005348,0.48317546504161146,77.70028138760527,371.5969694769284
"(97, 929.884241588798)",54.564126560800304,39.78173445756489,0.48762822773074466,79.38332130954758,374.0544834111456
"(98, 929.884241588798)",54.37939645987621,40.14713155160129,0.49210711583887995,81.0897806156333,376.51287157665433
"(99, 929.884241588798)",54.19378296949794,40.514642605599434,0.4966119160034826,82.81984333852081,378.9717515383374
"(100, 929.884241588798)",54.00731198419941,40.88424911266151,0.5011424013745672,84.57369163035523,381.4307301998232
"(101, 929.884241588798)",53.820010491255715,41.255931512656794,0.5056983321920567,86.35150567771309,383.88940442541764
"(102, 929.884241588798)",53.631906477239916,41.629669241203395,0.5102794563861696,88.15346362340296,386.3473616765944
"(103, 929.884241588798)",53.44302883269921,42.005440779461,0.5148855101877623,89.97974149526375,388.80418065074485
"(104, 929.884241588798)",53.253407257556375,42.3832237051436,0.5195162187536255,91.83051314207822,391.2594319267169
"(105, 929.884241588798)",53.0630721666786,42.762994744406214,0.5241712968024866,93.70595017670863,393.71267861308837
"(106, 929.884241588798)",52.87205459593211,43.14472982448085,0.5288504492602069,95.60622192656203,396.1634769976605
"(107, 929.884241588798)",52.68038610892295,43.5284041269081,0.5335533719122599,97.53149539146243,398.61137719631523
"(108, 929.884241588798)",52.48809870465095,43.913992141192814,0.5382797520614324,99.48193520899454,401.0559237992568
"(109, 929.884241588798)",52.29522472625299,44.30146771873215,0.5430292691888459,101.457703627393,403.4966565127961
"(110, 929.884241588798)",52.101796771020965,44.69080412685556,0.5478015956163627,103.45896048599766,405.9331107948571
"(111, 929.884241588798)",51.907847601881365,45.08197410281169,0.5525963971683259,105.48586320332505,408.3648184822458
"(112, 929.884241588798)",51.71341006049413,45.47494990754732,0.5574133338307724,107.53856677275841,410.7913084079529
"(113, 929.884241588798)",51.5185169821166,45.86970337912707,0.5622520604062137,109.61722376586326,413.2121070067078
"(114, 929.884241588798)",51.32320111238539,46.266205985635416,0.567112227162103,111.7219843433227,415.62673890704355
"(115, 929.884241588798)",51.12749502612633,46.66442887742311,0.5719934804712414,113.85299627346294,418.03472750827433
"(116, 929.884241588798)",50.93143104832091,47.064342938546815,0.5768954634423049,116.0104049583449,420.4355955407209
"(117, 929.884241588798)",50.73504117731275,47.46591883727552,0.5818178165389338,118.19435346737423,422.82886560778263
"(118, 929.884241588798)",50.5383570103416,47.869127075531345,0.5867601781857572,120.4049825783681,425.2140607084027
"(119, 929.884241588798)",50.34140967148063,48.27393803714081,0.5917221853598316,122.64243082603393,427.5907047385591
"(120, 929.884241588798)",50.144229742018325,48.680322034788254,0.5967034741661894,124.90683455777051,429.95832297065743
"(17, 929.9408273604063)",67.31795367945958,17.228873431189307,0.21118448281861055,3.954424030510954,192.43464864750723
"(18, 929.9408273604063)",67.18018464219709,17.406545739320922,0.21336231729245753,4.2728565797874944,194.14147329069397
"(19, 929.9408273604063)",67.03785208777893,17.591437095844316,0.2156286399084397,4.606885662072983,195.91499013698058
"(20, 929.9408273604063)",66.89159270985283,17.782948856366765,0.2179761127284796,4.956344455048026,197.74854216047947
"(21, 929.9408273604063)",66.7419956024196,17.98052122736402,0.2203978740325457,5.321086644493806,199.63589468180635
"(22, 929.9408273604063)",66.58959953790543,18.183636190180657,0.22288757415986227,5.700984359953555,201.57127076262267
"(23, 929.9408273604063)",66.43489264780858,18.39181826973121,0.22543938493133087,6.0959262598363395,203.5493618828266
"(24, 929.9408273604063)",66.27831372838938,18.60463382748226,0.2280479909831949,6.505815794441643,205.5653216183491
"(25, 929.9408273604063)",66.12025457399268,18.821689401060134,0.2307085694146308,6.93056965699952,207.61474826357798
"(26, 929.9408273604063)",65.96106289621271,19.042629477888852,0.23341676249790655,7.3701164216811055,209.69366081540954
"(27, 929.9408273604063)",65.80104551429353,19.267133980447575,0.23616864685370292,7.824395360885316,211.7984714908348
"(28, 929.9408273604063)",65.64047160217974,19.494915654628585,0.23896070143867731,8.293355430588218,213.92595697191837
"(29, 929.9408273604063)",65.47957585357416,19.72571748732747,0.24178977589132725,8.776954410659373,216.07322982900868
"(30, 929.9408273604063)",65.31856148230388,19.959310231175717,0.24465306019118666,9.275158186263559,218.23771102418385
"(31, 929.9408273604063)",65.15760301480648,20.195490080003943,0.24754805616559886,9.787940156279873,220.41710400581744
"(32, 929.9408273604063)",64.9968488593073,20.434076514443834,0.25047255108199346,10.315280754851075,222.60937062940954
"(33, 929.9408273604063)",64.83642365345507,20.67491032157199,0.25342459337348316,10.857167072459388,224.8127089627521
"(34, 929.9408273604063)",64.67643040314012,20.917851782452317,0.256402470422505,11.413592563514031,227.0255329184424
"(35, 929.9408273604063)",64.51695243075818,21.16277901588715,0.25940468825918905,11.984556827952543,229.246453592966
"(36, 929.9408273604063)",64.35805515345022,21.409586463990177,0.26242995299815025,12.570065455090178,231.4742621601622
"(37, 929.9408273604063)",64.19978771188322,21.658183504519847,0.26547715382902315,13.170129918808831,233.7079141582388
"(38, 929.9408273604063)",64.04218446735025,21.90849317584874,0.2685453473876592,13.784767513365956,235.94651502010154
"(39, 929.9408273604063)",63.88526638659732,22.160451000637465,0.2716337433372006,14.41400132182464,238.18930669617595
"(40, 929.9408273604063)",63.72904232726125,22.414003896496734,0.27474169101544377,15.057860207150608,240.43565524614826
"(41, 929.9408273604063)",63.573510223753914,22.669109171273586,0.2778686671194371,15.716378819733732,242.68503937884893
"(42, 929.9408273604063)",63.41865822507153,22.925733570581333,0.2810142640305157,16.38959761439729,244.93703957821617
"(43, 929.9408273604063)",63.26446571922381,23.183852411905647,0.28417817920050853,17.077562870630377,247.1913282128643
"(44, 929.9408273604063)",63.110904329103114,23.443448757494014,0.287360205013373,17.78032671613379,249.44766008445822
"(45, 929.9408273604063)",62.95793882591526,23.704512649413648,0.29056021940885346,18.497947140198928,251.70586369489146
"(46, 929.9408273604063)",62.80552798762473,23.967040392663538,0.29377817709512977,19.230487999171654,253.9658330691053
"(47, 929.9408273604063)",62.65362541745352,24.231033882263134,0.297014101300572,19.97801902256166,256.2275200785998
"(48, 929.9408273604063)",62.5021802920499,24.496499977893446,0.30026807610835476,20.74061579530105,258.49092733081983
"(49, 929.9408273604063)",62.35113806811092,24.763449918810675,0.30354023928468055,21.518359733365852,260.7561015242057
"(50, 929.9408273604063)",62.200441138553884,25.031898779136025,0.3068307756019509,22.31133804477172,263.02312727814166
"(51, 929.9408273604063)",62.05002944154372,25.301864961431907,0.31013991063126367,23.11964367680153,265.2921214131183
"(52, 929.9408273604063)",61.899841024108426,25.573369726810732,0.313467904982621,23.943375249443356,267.5632276610284
"(53, 929.9408273604063)",61.749812562015634,25.846436759911903,0.31681504897265844,24.782636975340395,269.83661178652125
"(54, 929.9408273604063)",61.5998798376785,26.121091767082856,0.32018165769925877,25.637538566720405,272.1124570997547
"(55, 929.9408273604063)",61.44997817793224,26.39736210609765,0.3235680665028276,26.50819512992729,274.3909603411191
"(56, 929.9408273604063)",61.300042853584515,26.675276445749883,0.3269746267937094,27.394727048348287,276.6723279180539
"(57, 929.9408273604063)",61.15000944266797,26.954864453669696,0.3304017022255792,28.297259854533667,278.95677247440807
"(58, 929.9408273604063)",60.999814159392486,27.23615651070601,0.3338496651944565,29.215924092403075,281.24450977252445
"(59, 929.9408273604063)",60.84939415078905,27.519183450242394,0.3373188936433424,30.150855170450964,283.5357558685357
"(60, 929.9408273604063)",60.698687763022164,27.803976320848786,0.340809768152905,31.102193206817347,285.8307245618033
"(61, 929.9408273604063)",60.54763477934321,28.090566170697386,0.34432266929894145,32.070082867147576,288.12962509965354
"(62, 929.9408273604063)",60.39617663158558,28.378983852235127,0.34785797525812473,33.05467319607503,290.4326601193812
"(63, 929.9408273604063)",60.24425658709541,28.6692598456333,0.3514160596439242,34.05611744314831,292.74002380985644
"(64, 929.9408273604063)",60.091819912832435,28.961424099645388,0.3549972895559126,35.07457288398918,295.0519002763379
"(65, 929.9408273604063)",59.938814018390524,29.255505888523768,0.35860202382589684,36.11020063740523,297.3684620923654
"(66, 929.9408273604063)",59.785188579550784,29.551533683741756,0.3622306114455551,37.16316547912956,299.6898690238158
"(67, 929.9408273604063)",59.63089564385576,29.849535039363364,0.36588339016132676,38.2336356528472,302.01626691120737
"(68, 929.9408273604063)",59.47588971967479,30.149536489935482,0.36956068522283836,39.32178267906606,304.3477866969389
"(69, 929.9408273604063)",59.32012785005943,30.451563459897237,0.37326280827246167,40.42778116239256,306.6845435853691
"(70, 929.9408273604063)",59.16356967260469,30.75564018355715,0.3769900563644386,41.55180859768916,309.02663632450304
"(71, 929.9408273604063)",59.00617746659473,31.06178963476815,0.38074271110285796,42.69404517560643,311.37414659882944
"(72, 929.9408273604063)",58.84791618805418,31.37003346550095,0.3845210378887226,43.85467358786742,313.72713852385334
"(73, 929.9408273604063)",58.68875349434563,31.680391952602374,0.3883252852673255,45.033878832734764,316.0856582337277
"(74, 929.9408273604063)",58.52865975848622,31.992883952070983,0.39215568436778364,46.23184802098993,318.44973355407313
"(75, 929.9408273604063)",58.36760807439999,32.307526860255265,0.3960124484274191,47.44877018279235,320.819373752822
"(76, 929.9408273604063)",58.20557425367532,32.624336581438584,0.39989577239443425,48.684836075685645,323.1945693627233
"(77, 929.9408273604063)",58.04253681447891,32.94332750133954,0.4038058326030836,49.940237994104315,325.57529206976494
"(78, 929.9408273604063)",57.8784769632461,33.26451246608073,0.40774278651587814,51.2151695806086,327.9614946622046
"(79, 929.9408273604063)",57.71337856963611,33.58790276626032,0.4117067725283569,52.509825639149824,330.353111035753
"(80, 929.9408273604063)",57.54722813526315,33.91350812577122,0.41569790983201726,53.82440195058917,332.75005625058856
"(81, 929.9408273604063)",57.38001475661465,34.24133669507465,0.4197162983318812,55.15909509075896,335.1522266366377
"(82, 929.9408273604063)",57.211730082572295,34.57139504864894,0.4237620186152144,56.51410225126544,337.5594999436829
"(83, 929.9408273604063)",57.04236826687366,34.90368818638542,0.42783513196863976,57.88962106329276,339.9717355334727
"(84, 929.9408273604063)",56.8719259158623,35.238219538709785,0.4319356804409126,59.28584942464297,342.3887746110593
"(85, 929.9408273604063)",56.70040203182416,35.57499097524311,0.43606368694908104,60.702985330204626,344.81044049305297
"(86, 929.9408273604063)",56.52779795219607,35.91400281683066,0.4402191554259378,62.14122670620201,347.2365389104939
"(87, 929.9408273604063)",56.35411728491854,36.25525385078224,0.4444020710068202,63.60077124813768,349.66685834462277
"(88, 929.9408273604063)",56.17936584017987,36.59874134918562,0.4486124002540968,65.08181626314985,352.1011703932827
"(89, 929.9408273604063)",56.00355155880699,36.94446109015629,0.4528500914176366,66.58455851651578,354.5392301666368
"(90, 929.9408273604063)",55.82668443752059,37.29240738190924,0.4571150747298641,68.10919408281279,356.98077671039096
"(91, 929.9408273604063)",55.64877645130881,37.64257308952331,0.4614072627338348,69.65591820186486,359.4255334549378
"(92, 929.9408273604063)",55.46984147312731,37.9949496642932,0.4657265506430181,71.22492513969482,361.8732086889816
"(93, 929.9408273604063)",55.289895191153306,38.34952717555559,0.4700728167314021,72.81640805470525,364.32349605613143
"(94, 929.9408273604063)",55.108955023832706,38.70629434486938,0.47444592275247327,74.43055886928553,366.77607507292083
"(95, 929.9408273604063)",54.927040032921795,39.06523858244846,0.478845714385779,76.06756814706124,369.2306116668349
"(96, 929.9408273604063)",54.74417083476541,39.42634602572213,0.48327202170960465,77.72762497597668,371.68675873278926
"(97, 929.9408273604063)",54.56036951003598,39.78960157990659,0.4877246596982585,79.41091685740321,374.14415670646787
"(98, 929.9408273604063)",54.375659512145226,40.15498896047062,0.49220342874262085,81.11762960145865,376.602434153083
"(99, 929.9408273604063)",54.19006557446564,40.52249073733288,0.4967081151918873,82.8479472287221,379.06120836944956
"(100, 929.9408273604063)",54.0036136173801,40.8920883808467,0.5012384919172242,84.60205187849326,381.5200859998926
"(101, 929.9408273604063)",53.81633065297038,41.26376230889431,0.5057943188890441,86.38012372377321,383.9786636580977
"(102, 929.9408273604063)",53.62824469161364,41.63749193584805,0.5103753437771461,88.18234089310025,386.43652856337076
"(103, 929.9408273604063)",53.439384646678555,42.013255722352234,0.5149813025609157,90.008879399382,388.8932591792556
"(104, 929.9408273604063)",53.249780239950844,42.39103122632334,0.5196119201544754,91.8599130758381,391.34842585894415
"(105, 929.9408273604063)",53.059461907230826,42.770795154822245,0.5242669110425043,93.73561351918606,393.80159149336487
"(106, 929.9408273604063)",52.868460704404384,43.15252341668186,0.5289459799253347,95.63615004012719,396.2523121605994
"(107, 929.9408273604063)",52.676808214214226,43.53619117572379,0.5336488223712453,97.56168962126563,398.70013777455665
"(108, 929.9408273604063)",52.484536453933465,43.92177290440415,0.5383751254740498,99.51239688248532,401.144612731115
"(109, 929.9408273604063)",52.291677784128886,44.30924243773196,0.543124568513993,101.48843405387909,403.5852765497873
"(110, 929.9408273604063)",52.098264818708834,44.698573027294536,0.5478968236199705,103.48996095623903,406.0216645090549
"(111, 929.9408273604063)",51.90433033641738,45.08973739523696,0.5526915564311958,105.51713498916693,408.45330827357
"(112, 929.9408273604063)",51.70990719396175,45.48270778802702,0.5575084267562266,107.57011112680063,410.87973651128317
"(113, 929.9408273604063)",51.51502824089623,45.877456029864774,0.5623470892276317,109.64904192116852,413.3004754988914
"(114, 929.9408273604063)",51.319726236423676,46.273953575574645,0.567207193950323,111.75407751315905,415.71504971377885
"(115, 929.9408273604063)",51.12403376823409,46.67217156283695,0.5720883871417954,113.88536565108221,418.12298241083954
"(116, 929.9408273604063)",50.927983173489224,47.072080863618005,0.5769903117625262,116.043051716803,420.5237961825794
"(117, 929.9408273604063)",50.731606462049236,47.473652134665336,0.5819126081349302,118.22727875937561,422.91701350107326
"(118, 929.9408273604063)",50.53493524203514,47.87685586693351,0.5868549145491994,120.43818753615416,425.30215724024885
"(119, 929.9408273604063)",50.338000647785556,48.2816624338239,0.5918168678546053,122.67591656130082,427.6787511772551
"(120, 929.9408273604063)",50.14083327025571,48.68804213812803,0.5967981040349176,124.94060216161841,430.0463204717347
"(17, 929.9786708814752)",67.30871814464318,17.239141770589427,0.21131034792257739,3.962418376796528,192.55169812774406
"(18, 929.9786708814752)",67.17121323846963,17.416607391829054,0.21348564891304708,4.280933295035409,194.25616673338936
"(19, 929.9786708814752)",67.02913975590961,17.601296421719454,0.21574949149192812,4.615048096000965,196.0273772450165
"(20, 929.9786708814752)",66.88313316907018,17.792611145748367,0.218094549119231,4.964595679894148,197.85868323650294
"(21, 929.9786708814752)",66.73378167445419,17.989992441913714,0.2205139683061689,5.329429472978856,199.74385768319186
"(22, 929.9786708814752)",66.58162342096357,18.19292274643719,0.22300140496766427,5.709421364609738,201.6771288319203
"(23, 929.9786708814752)",66.42714614269025,18.400926861754353,0.22555103432635878,6.10445979270847,203.65319132606066
"(24, 929.9786708814752)",66.2707884211506,18.613571284776533,0.228157542678723,6.5144480064448915,205.6672002854974
"(25, 929.9786708814752)",66.11294198052938,18.83046257712656,0.23081610741806924,6.939302516544968,207.7147542781469
"(26, 929.9786708814752)",65.95395457436399,19.051245164691164,0.2335223700623656,7.378951732249989,209.79187159944075
"(27, 929.9786708814752)",65.79413314881327,19.275598844364435,0.23627240569293234,7.833334777455022,211.89496303482687
"(28, 929.9786708814752)",65.63374706745513,19.503236189908485,0.23906269115651252,8.302400474852064,214.02080330423004
"(29, 929.9786708814752)",65.47303125831807,19.73389998361695,0.24189007358368295,8.786106485037209,216.16650264573852
"(30, 929.9786708814752)",65.31218919992433,19.96736075216112,0.24475174018425044,9.284418586784449,218.32947944569293
"(31, 929.9786708814752)",65.15139570245609,20.2034144507623,0.24764518986078296,9.797310084377132,220.50743443254436
"(32, 929.9786708814752)",64.99079946821418,20.441880315457638,0.2505682068825733,10.324761328160713,222.69832667364932
"(33, 929.9786708814752)",64.83052543252721,20.682598887827154,0.2535188366735269,10.8667593347116,224.90035143835271
"(34, 929.9786708814752)",64.67067689756834,20.925430206279128,0.25649536364171766,11.423297493567263,227.111919873218
"(35, 929.9786708814752)",64.51133747693265,21.170252152519414,0.25949629091104087,11.99437534807724,229.33164037204517
"(36, 929.9786708814752)",64.3525728712357,21.416958939031023,0.262520321781392,12.57999843853275,231.55830149110338
"(37, 929.9786708814752)",64.19443249509439,21.665459722669397,0.2655663427346649,13.18017819673004,233.79085625050791
"(38, 929.9786708814752)",64.03695097307228,21.91567733040102,0.2686334078153843,13.794931881178702,236.0284076733337
"(39, 929.9786708814752)",63.880149523807255,22.167547083394194,0.2717207242168858,14.424282544983223,238.2701954131881
"(40, 929.9786708814752)",63.7240372451724,22.421015707789124,0.27482763892999146,15.068259026445878,240.51558334716157
"(41, 929.9786708814752)",63.56861230011559,22.67604032991037,0.27795362642672317,15.72689595610616,242.76404811490391
"(42, 929.9786708814752)",63.413863054651586,22.932587523561203,0.2810982769824375,16.40023377332478,245.01516824187522
"(43, 929.9786708814752)",63.25976910258916,23.190632443805367,0.28426128605807177,17.088318746098544,247.26861424524589
"(44, 929.9786708814752)",63.10630226182309,23.450157999452564,0.2874424441567941,17.79120299424206,249.52413917761595
"(45, 929.9786708814752)",62.9534274882225,23.711154087680967,0.2906416274423665,18.508944502392296,251.78156988928856
"(46, 929.9786708814752)",62.801103734584096,23.973616876686677,0.29385878894608186,19.24160712514649,254.04079884577067
"(47, 929.9786708814752)",62.64928476965465,24.23754813230757,0.297093950312876,19.989260592866437,256.301776446029
"(48, 929.9786708814752)",62.49791992680659,24.5029545922099,0.3003471941302986,20.75198049363691,258.56450390663855
"(49, 929.9786708814752)",62.346954811191225,24.769847380342593,0.30361865675116667,21.529848248621242,260.8290266116476
"(50, 929.9786708814752)",62.19633195638089,25.038241461809974,0.3069085216116091,22.32295107280214,263.0954279377606
"(51, 929.9786708814752)",62.045991433885185,25.30815513603108,0.3102170130184158,23.131381921971393,265.3638235297162
"(52, 929.9786708814752)",61.895871417210955,25.579609566463244,0.3135443903845952,23.955239425962514,267.63435600624575
"(53, 929.9786708814752)",61.74590870216278,25.852628345217855,0.31689094289259057,24.794627808381488,269.9071900772474
"(54, 929.9786708814752)",61.596039185149934,26.127237090899527,0.320256984564775,25.64965679335946,272.1825080526991
"(55, 929.9786708814752)",61.44619830133889,26.40346307800714,0.32364284972080865,26.520441499911016,274.46050572373963
"(56, 929.9786708814752)",61.296321424546626,26.681334896236393,0.3270488888014819,27.407102324705654,276.7413885961599
"(57, 929.9786708814752)",61.14634423082163,26.96088213802148,0.3304754645387483,28.309764814036253,279.025368456647
"(58, 929.9786708814752)",60.996203027701846,27.242135112662808,0.3339229484516153,29.22855952589995,281.3126602519566
"(59, 929.9786708814752)",60.84583505113778,27.52512458540991,0.3373917176479233,30.163621883076964,283.6034792615567
"(60, 929.9786708814752)",60.69517873207282,27.809881539892906,0.3408821519123386,31.115092018095606,285.8980385445581
"(61, 929.9786708814752)",60.54417393463395,28.096436962341013,0.3443946310613826,32.083114610988034,288.1965466421925
"(62, 929.9786708814752)",60.392762167865236,28.384821646062683,0.34792953254683534,33.06783872068703,290.4992055176318
"(63, 929.9786708814752)",60.24088677285813,28.675066014728852,0.35148722928960624,34.06941761086625,292.8062087156941
"(64, 929.9786708814752)",60.08849308705492,28.967199963067902,0.35506808772705123,35.088008571028084,295.1177397258021
"(65, 929.9786708814752)",59.935528587460915,29.26125271362943,0.35867246605722797,36.123772733545856,297.433970532136
"(66, 929.9786708814752)",59.78194301435828,29.557252688374355,0.36230071266490693,37.17687488734865,299.75506033617273
"(67, 929.9786708814752)",59.62768847704369,29.85522739391416,0.36595316471487827,38.24748328889324,302.08115443751876
"(68, 929.9786708814752)",59.472719543045486,30.1552033192831,0.3696301468988888,39.335769470984744,304.41238325976826
"(69, 929.9786708814752)",59.316993312118235,30.45720584523671,0.37333197032385945,40.4419080500112,306.7488615093339
"(70, 929.9786708814752)",59.16046947623311,30.761259164126482,0.3770589315297379,41.56607653207141,309.09068745594334
"(71, 929.9786708814752)",59.003110366839614,31.067386209481988,0.38081131162634696,42.70845511846026,311.4379423244411
"(72, 929.9786708814752)",58.844880990046256,31.375608594486707,0.38458937553924877,43.86922651093736,313.7906897881897
"(73, 929.9786708814752)",58.68574905130551,31.685946558662796,0.3883933713562283,45.048575717158634,316.14897555588175
"(74, 929.9786708814752)",58.525684969841286,31.99841892206336,0.39222352976579605,46.24668985664966,318.51282704338604
"(75, 929.9786708814752)",58.36466188399651,32.313043046397176,0.3960800635806786,47.4637579676261,320.8822531237836
"(76, 929.9786708814752)",58.20265564806513,32.62983480255267,0.39996316733973103,48.699970815005386,323.2572439491427
"(77, 929.9786708814752)",58.03964482129924,32.94880854402934,0.40387301698228,49.95552069988487,325.63777083818735
"(78, 929.9786708814752)",57.87561064966969,33.2699770858509,0.4078097695896461,51.23060127077964,328.02378622468007
"(79, 929.9786708814752)",57.71053704089303,33.59335168858238,0.41177356318922476,52.525407336866905,330.4152236619775
"(80, 929.9786708814752)",57.544410533227925,33.91894204709879,0.41576451661683156,53.84013468351546,332.8119978794845
"(81, 929.9786708814752)",57.37722025845869,34.24675628381014,0.4197827294336465,55.17497989033091,335.2140048873696
"(82, 929.9786708814752)",57.20895789946862,34.576800946069234,0.423828281894438,56.53014015196222,337.6211221262064
"(83, 929.9786708814752)",57.039617642760184,34.909081007524414,0.4279012349641572,57.9058131019079,340.03320865860087
"(84, 929.9786708814752)",56.86919612625395,35.24359987320433,0.43200163038024814,59.30219663955419,342.4501054000993
"(85, 929.9786708814752)",56.69769238267016,35.58035938814447,0.43612949075840474,60.71948876065189,344.871635387064
"(86, 929.9786708814752)",56.525107778783045,35.91935984938305,0.44028481973959965,62.15788739156792,347.2976040791549
"(87, 929.9786708814752)",56.351445950813165,36.26060002117191,0.44446760217653514,63.617590227238956,349.7277996947715
"(88, 929.9786708814752)",56.17671273621347,36.60407715326036,0.44867780435776444,65.09879457353108,352.1619935771213
"(89, 929.9786708814752)",56.00091610208747,36.94978700212352,0.45291537426789563,66.60169719375672,354.5999405896867
"(90, 929.9786708814752)",55.82406607048703,37.29772385500593,0.4571802418823082,68.12649415984968,357.0413795391306
"(91, 929.9786708814752)",55.646174640812696,37.647880556666344,0.46147231949498446,69.67338070832034,359.48603362421676
"(92, 929.9786708814752)",55.46725570953882,38.000248538711794,0.46579150207806436,71.24255110121968,361.9336109092245
"(93, 929.9786708814752)",55.287324987505265,38.35481785139997,0.4701376676716818,72.834198492341,364.38380482028634
"(94, 929.9786708814752)",55.10639991497956,38.71157719780799,0.47451067780277356,74.44851479883653,366.83629466325476
"(95, 929.9786708814752)",54.92449957473052,39.070513970245344,0.47891037793142743,76.08569057848865,369.2907461615252
"(96, 929.9786708814752)",54.74164460332551,39.43161428880203,0.4833365979233837,77.74591491280566,371.74681201235666
"(97, 929.9786708814752)",54.55785710089044,39.79486304190648,0.48778915254718086,79.42937529615332,374.20413246007513
"(98, 929.9786708814752)",54.37316053954524,40.16024392877786,0.49226784199451634,81.13625753109393,376.66233588465843
"(99, 929.9786708814752)",54.18757967064561,40.52773950361119,0.496772452421849,82.86674563011552,379.12103940368644
"(100, 929.9786708814752)",54.00114043184235,40.897331221555824,0.5013027565139813,84.62102172391896,381.57984948817307
"(101, 929.9786708814752)",53.81386985180102,41.26899948579321,0.5058585140611338,86.3992659764198,384.0383625842314
"(102, 929.9786708814752)",53.62579595680784,41.642723696492894,0.5104394725590081,88.2016565066023,386.4961657492653
"(103, 929.9786708814752)",53.436947675481385,42.01848230058552,0.515045367818898,90.02836931737976,388.9528372904995
"(104, 929.9786708814752)",53.24735474422286,42.3962528427509,0.5196759245926719,91.87957823156005,391.40794741023467
"(105, 929.9786708814752)",53.05704761282029,42.77601201728644,0.5243308572085646,93.7554548350511,393.8610588539144
"(106, 929.9786708814752)",52.86605735054043,43.15773572072454,0.5290098702161252,95.65616842737732,396.3117275593965
"(107, 929.9786708814752)",52.67441555291656,43.54139910504072,0.5337126590384399,97.58188597961752,398.7595033055688
"(108, 929.9786708814752)",52.48215424943354,43.92697663129427,0.5384389106296165,99.53277209981425,401.2039303583859
"(109, 929.9786708814752)",52.2893058123082,44.31444212353792,0.5431883041356017,101.50898900591736,403.644548112472
"(110, 929.9786708814752)",52.09590286655325,44.703768822835364,0.5479605115563009,103.51069650631216,406.0808917263497
"(111, 929.9786708814752)",51.901978201486294,45.09492944123361,0.5527551984071482,105.53805198794224,408.5124927495635
"(112, 929.9786708814752)",51.707564683869684,45.48789621552164,0.5575720243780606,107.59121041207094,410.9388797397314
"(113, 929.9786708814752)",51.51269517281233,45.88264096063099,0.5624106439879978,109.67032431765281,413.3595788678998
"(114, 929.9786708814752)",51.317402436584025,46.27913512252119,0.5672707072332137,111.77554383233391,415.77411451040456
"(115, 929.9786708814752)",51.12171907147419,46.67734983040126,0.5721518602273589,113.9070166910345,418.18200982556823
"(116, 929.9786708814752)",50.925677422780886,47.07725594815671,0.5770537458318642,116.06488826210372,420.58278731378994
"(117, 929.9786708814752)",50.72930950806402,47.4788241248314,0.5819760042747139,118.24930158098519,422.9759693593249
"(118, 929.9786708814752)",50.5326469427164,47.88202484404791,0.5869182737562277,120.46039739134135,425.36107875252515
"(119, 929.9786708814752)",50.33572086793407,48.28682847223981,0.5918801910402702,122.69831419359149,427.73763919111263
"(120, 929.9786708814752)",50.138561881135814,48.69320530558377,0.5968613920295199,124.9631883007597,430.1051757593204
"(17, 929.9976285985668)",67.30409573759583,17.244283062986934,0.2113733677816718,3.966424935980008,192.61030584986747
"(18, 929.9976285985668)",67.16672282571191,17.421645373601372,0.21354740243275963,4.284981080955746,194.3135967748945
"(19, 929.9976285985668)",67.0247788264206,17.60623325921974,0.21581000522652735,4.619138787453107,196.08365430106164
"(20, 929.9976285985668)",66.87889859958821,17.797449471552273,0.2181538553377536,4.9687308168368896,197.91383731690877
"(21, 929.9976285985668)",66.72966989133475,17.994735225728434,0.22057210341007047,5.33361046548215,199.79792264088127
"(22, 929.9976285985668)",66.57763053708909,18.197573186801694,0.22305840816332723,5.713649502504891,201.73014112836063
"(23, 929.9976285985668)",66.42326807054205,18.405488297321245,0.2256069465376217,6.108736255410629,203.70518901994123
"(24, 929.9976285985668)",66.26702096421945,18.61804712318925,0.22821240567508527,6.5187738726487945,205.71822222195465
"(25, 929.9976285985668)",66.10928090572229,18.834856239188724,0.23086996313034025,6.9436787735174255,207.76483945233755
"(26, 929.9976285985668)",65.95039566816985,19.055560041494758,0.233575260057166,7.3833792846289885,209.84105866782895
"(27, 929.9976285985668)",65.79067225993755,19.279838265142534,0.2363243707786365,7.837814455461978,211.9432899487184
"(28, 929.9976285985668)",65.63038013831071,19.507403398652418,0.2391137710966427,8.30693304191127,214.06830704322698
"(29, 929.9976285985668)",65.46975434751457,19.73799812272738,0.24194030689650042,8.790692644786713,216.21321903136817
"(30, 929.9976285985668)",65.30899849755241,19.97139285168506,0.24480116401083102,9.289058989522436,218.37544301871924
"(31, 929.9976285985668)",65.14828753974878,20.207383421965766,0.2476938398862378,9.802005332982397,220.55267837969188
"(32, 929.9976285985668)",64.98777032278792,20.445788947770293,0.250616117298581,10.329511983483497,222.7428827927771
"(33, 929.9976285985668)",64.82757193029428,20.686449848309476,0.2535660401718356,10.8715659205376,224.94425013239845
"(34, 929.9976285985668)",64.66779581210587,20.92922604099078,0.25654189143087586,11.428160501144701,227.15519016576084
"(35, 929.9976285985668)",64.5085257270104,21.173995289245855,0.2595421727498546,11.999295240260297,229.37430993842406
"(36, 929.9976285985668)",64.34982751703038,21.420651690962366,0.2625655860239982,12.58497565358403,231.60039670032734
"(37, 929.9976285985668)",64.1917507334528,21.669104292741256,0.2656110163837463,13.185213151785542,233.8324022147536
"(38, 929.9976285985668)",64.03433013224009,21.91927581599646,0.2686775165798037,13.800024975432157,236.06942830153739
"(39, 929.9976285985668)",63.87758705776945,22.171101481278026,0.2717642925721721,14.42943416258533,238.31071346730187
"(40, 929.9976285985668)",63.721530727864575,22.424527919091354,0.27487069017942034,15.073469539155791,240.55562049895647
"(41, 929.9976285985668)",63.56615941959391,22.6795121650852,0.27799618276209975,15.732165725709987,242.80362500249657
"(42, 929.9976285985668)",63.41146160737232,22.93602070721813,0.2811403595433143,16.40556315383142,245.0543045247993
"(43, 929.9976285985668)",63.25741698780725,23.194028619395848,0.28430291498920424,17.09370808573718,247.3073286578827
"(44, 929.9976285985668)",63.103997476225814,23.453518733741493,0.2874836386629601,17.796652637257946,249.56244958018223
"(45, 929.9976285985668)",62.95116812076583,23.71448087501722,0.290682405840661,18.514454790676474,251.8194933164645
"(46, 929.9976285985668)",62.79888796159725,23.9769111430318,0.2938991687153755,19.247178399690117,254.07835155269922
"(47, 929.9976285985668)",62.64711085019423,24.240811239042447,0.29713394814041866,19.994893195063067,256.3389739516559
"(48, 929.9976285985668)",62.495786198271475,24.506187839708208,0.30038682595553307,20.757674766441188,258.60136103445495
"(49, 929.9976285985668)",62.34485968518566,24.773052011324978,0.30365793780685235,21.535604537560964,260.8655575279428
"(50, 929.9976285985668)",62.19427391483432,25.041418664478005,0.30694746646223703,22.328769726882374,263.13164618733623
"(51, 929.9976285985668)",62.04396902539734,25.311306047003427,0.31025563559619584,23.137263294441667,265.3997420693616
"(52, 929.9976285985668)",61.89388325362536,25.582735273516537,0.31358270402303917,23.961183874981607,267.66998723597106
"(53, 929.9976285985668)",61.74395345535019,25.855729889846877,0.31692896035792056,24.800635697590256,269.94254586948506
"(54, 929.9976285985668)",61.5941155839962,26.13031547070558,0.3202947180851846,25.655728492341076,272.2175997795271
"(55, 929.9976285985668)",61.444305128903025,26.406519248937453,0.3236803110139054,26.52657738458693,274.4953442823916
"(56, 929.9976285985668)",61.29445751541349,26.684369774664773,0.3270860890998,27.413302777631472,276.77598443276213
"(57, 929.9976285985668)",61.14450846860527,26.96389660269963,0.3305124146136679,28.31603022464318,279.0597315884543
"(58, 929.9976285985668)",60.994394342703735,27.24513000654295,0.33395965863569677,29.234890290659113,281.3468002881258
"(59, 929.9976285985668)",60.84405241814723,27.528100717349695,0.3374281978558151,30.170018405599958,283.6374054225961
"(60, 929.9976285985668)",60.69342116828544,27.812839686258645,0.3409184116604211,31.121554709195056,285.9317596805866
"(61, 929.9976285985668)",60.54244049771766,28.099377868496987,0.3444306794860263,32.089643888669904,288.23007124992756
"(62, 929.9976285985668)",60.391051954113316,28.387746027781102,0.34796537842168124,33.07443501011128,290.53254175645515
"(63, 929.9976285985668)",60.23919891546244,28.677974559506023,0.3515228810417073,34.07608134425909,292.83936442266486
"(64, 929.9976285985668)",60.0868267544847,28.97009333135699,0.35510355345196715,35.09474018755967,295.1507224296942
"(65, 929.9976285985668)",59.93388298191334,29.26413154000881,0.3587077535333626,36.13057267917112,297.46678746677526
"(66, 929.9976285985668)",59.780317370307436,29.56011758264088,0.36233582936690173,37.18374361462874,299.78771845288486
"(67, 929.9976285985668)",59.6260820598742,29.85807894210985,0.3659881178261966,38.254421256774116,302.1136604168416
"(68, 929.9976285985668)",59.47113164774572,30.158042084669933,0.3696649433237655,39.34277714456868,304.44474352255685
"(69, 929.9976285985668)",59.3154232620545,30.460032369210197,0.37336661669849996,40.44898590029463,306.78108222718043
"(70, 929.9976285985668)",59.15891662198902,30.764073967077923,0.37709343423288344,41.57322503567049,309.12277456100077
"(71, 929.9976285985668)",59.001574085110335,31.070189791615572,0.38084567678929654,42.71567475731447,311.46990151874763
"(72, 929.9976285985668)",58.84336068259187,31.37840143659073,0.3846236090553109,43.876517772008626,313.82252655245276
"(73, 929.9976285985668)",58.68424414395838,31.688729122839106,0.38842747888965673,45.05593909211485,316.1806951577858
"(74, 929.9976285985668)",58.5241949115663,32.0011916524162,0.3922575167602393,46.25412584152157,318.5444345454635
"(75, 929.9976285985668)",58.36318614598859,32.31580636969058,0.39611393526723465,47.471267062482255,320.9137533908922
"(76, 929.9976285985668)",58.20119372290197,32.632589128828265,0.39999692874452364,48.70755352359752,323.2886416555193
"(77, 929.9976285985668)",58.03819622212344,32.95155426719841,0.4039066729337121,49.963177529301966,325.6690704741872
"(78, 929.9976285985668)",57.87417490941491,33.272714584254224,0.4078433247252629,51.23833273108266,328.05499210316714
"(79, 929.9976285985668)",57.70911371154645,33.59608132552236,0.411807021962241,52.533213940733894,330.4463399243882
"(80, 929.9976285985668)",57.54299918512109,33.92166417134875,0.41579788330236755,53.84801694587691,332.8430285016285
"(81, 929.9976285985668)",57.37582047959565,34.24947123009684,0.41981600813464365,55.18293832799974,335.2449536849355
"(82, 929.9976285985668)",57.207569294874844,34.57950903553752,0.42386147654736034,56.53817528327296,337.6519927600592
"(83, 929.9976285985668)",57.038239833866534,34.91178254817765,0.4279343493443816,57.91392544634965,340.06400463979594
"(84, 929.9976285985668)",56.867828750299815,35.24629516032877,0.4320346681072772,59.310386717405706,342.480830094731
"(85, 929.9976285985668)",56.69633509213218,35.583048704715466,0.4361624553008321,60.72775709261954,344.9022920208827
"(86, 929.9976285985668)",56.52376024082839,35.92204346645333,0.44031771441987677,62.166234498424835,347.3281957420016
"(87, 929.9976285985668)",56.35010784676865,36.26327819824745,0.4445004301755826,63.626016629469575,349.7583293448651
"(88, 929.9976285985668)",56.17538376105423,36.606750138662015,0.44871056871939724,65.10730079097861,352.1924640451751
"(89, 929.9976285985668)",55.99959596394814,36.952455033333834,0.45294807790307795,66.61028374528075,354.63035458286066
"(90, 929.9976285985668)",55.822754490184714,37.300387159006355,0.4572128875732798,68.13516156297904,357.07173964487436
"(91, 929.9976285985668)",55.64487135138749,37.65053935026221,0.46150490989926557,69.68212947891853,359.5163423139937
"(92, 929.9976285985668)",55.46596045580916,38.002903028848074,0.4658240397323014,71.25138175316054,361.96387054208435
"(93, 929.9976285985668)",55.28603752563462,38.35746823546832,0.47017015499541687,72.84311153718056,364.4140176463777
"(94, 929.9976285985668)",55.10512001206067,38.714223663942946,0.4745431171020822,74.45751074551019,366.86646282719823
"(95, 929.9976285985668)",54.923227008374795,39.073156697616206,0.47894277140249647,76.0947699329986,369.3208717057486
"(96, 929.9976285985668)",54.7403791612738,39.43425344789272,0.48336894765593386,77.7550781779269,371.77689688027635
"(97, 929.9976285985668)",54.55659858062245,39.797498794794514,0.4878214605278925,79.43862297115061,374.2341784992788
"(98, 929.9976285985668)",54.37190874791072,40.16287642940166,0.4923001101103034,81.14559011143983,376.6923448499557
"(99, 929.9976285985668)",54.186334423495566,40.53036889803617,0.4968046824631204,82.87616360723128,379.15101296013466
"(100, 929.9976285985668)",53.99990155367799,40.89995764823129,0.5013349501777957,84.63052558491336,381.6097892140174
"(101, 929.9976285985668)",53.812637175426545,41.27162307580669,0.5058906729543051,86.40885620384634,384.0682699737905
"(102, 929.9976285985668)",53.62456932299415,41.64534457381847,0.5104715982011607,88.21133357822963,386.52604221577025
"(103, 929.9976285985668)",53.435726932637145,42.02110058232851,0.5150774616454598,90.03813370596444,388.98268416888243
"(104, 929.9976285985668)",53.24613974807258,42.39886863938864,0.5197079879578305,91.88943040464163,391.43776595987316
"(105, 929.9976285985668)",53.05583822609512,42.77862543290284,0.524362891388138,93.76539525475181,393.8908502613043
"(106, 929.9976285985668)",52.86485344267194,43.16034685324302,0.5290418764104193,95.66619755021631,396.34149294080976
"(107, 929.9976285985668)",52.6732169997392,43.54400804645285,0.5337446383750479,97.59200425634228,398.7892437096518
"(108, 929.9976285985668)",52.48096093289887,43.929583467882665,0.5384708641661552,99.54297997523477,401.23364676871057
"(109, 929.9976285985668)",52.28811762020129,44.31704693609795,0.5432202328624284,101.51928691876222,403.6742414500574
"(110, 929.9976285985668)",52.094719692219435,44.706371686892034,0.5479924163991716,103.52108488908817,406.1105628521399
"(111, 929.9976285985668)",51.90079994356543,45.09753042725454,0.5527870802298247,105.54853126681712,408.5421424668456
"(112, 929.9976285985668)",51.70639124603664,45.49049538912698,0.5576038839848884,107.60178100675907,410.9685087965375
"(113, 929.9976285985668)",51.511526463526216,45.885238382798995,0.5624424821264239,109.68098664131966,413.3891879593464
"(114, 929.9976285985668)",51.316238368846314,46.2817308497893,0.5673025245962489,111.78629829150718,415.80370428098433
"(115, 929.9976285985668)",51.1205595625885,46.67994391506603,0.5721836574560349,113.91786368553498,418.2115808714322
"(116, 929.9976285985668)",50.92452239412743,47.079848438466506,0.5770855235175881,116.0758281849799,420.61234018493957
"(117, 929.9976285985668)",50.72815888487946,47.48141506517587,0.5820077629615967,118.2603348184637,423.0055045617781
"(118, 929.9976285985668)",50.53150065387696,47.884614275145445,0.5869500139433798,120.47152432279147,425.39059675044746
"(119, 929.9976285985668)",50.334578845750016,48.28941643131898,0.5919119131840224,122.70953519149427,427.7671404088873
"(120, 929.9976285985668)",50.13742406115498,48.69579182655944,0.596893096545595,124.97450373069428,430.1346605835645

#m0=600, a6=1.21959532e9, a8=-3.7720572e7, gv=6.50976728, d=0.0,  ga=8.18026059, h=0.0, flag=4